{
 "cells": [
  {
   "cell_type": "code",
   "execution_count": 1,
   "id": "012a56c1-113d-4a30-a943-d00e3fd18da0",
   "metadata": {},
   "outputs": [],
   "source": [
    "import numpy as np\n",
    "import psi4\n",
    "psi4.core.set_output_file(\"c10h8.out\")"
   ]
  },
  {
   "cell_type": "code",
   "execution_count": 2,
   "id": "5f1678c8-b8d3-4d5e-99f8-641017a86ed0",
   "metadata": {},
   "outputs": [],
   "source": [
    "mol_str = \"\"\"\n",
    "0 1\n",
    "C            0.000004551444    -0.711108766560     0.000010757138\n",
    "C           -0.000004765464     0.711109074728     0.000001509641\n",
    "C            1.231111212344    -1.392932324772    -0.000008872321\n",
    "C            1.231092818353     1.392949010021    -0.000005886632\n",
    "C           -1.231092617348    -1.392949084219     0.000002684292\n",
    "C           -1.231111293835     1.392932340511     0.000007560162\n",
    "C            2.416252154882    -0.702767074233    -0.000017781801\n",
    "C            2.416242565430     0.702799552187    -0.000000723902\n",
    "C           -2.416242703804    -0.702799153654     0.000010510747\n",
    "C           -2.416251802225     0.702766484279     0.000002457080\n",
    "H            1.229116150588    -2.471858679894    -0.000015215757\n",
    "H            1.229083140542     2.471874840369    -0.000007074480\n",
    "H           -1.229084430358    -2.471875468868    -0.000008700875\n",
    "H           -1.229118355038     2.471858460776     0.000007352885\n",
    "H            3.350158261997    -1.238508894745    -0.000013806252\n",
    "H            3.350141246250     1.238554060765     0.000000769827\n",
    "H           -3.350140729721    -1.238555163085     0.000018452996\n",
    "H           -3.350156710411     1.238510150658    -0.000008144872\n",
    "symmetry c1\n",
    "\"\"\"\n",
    "\n",
    "options_dict = {\n",
    "    \"basis\": \"cc-pVDZ\",\n",
    "    \"scf_type\": \"pk\",\n",
    "    \"e_convergence\": 1e-10,\n",
    "    \"d_convergence\": 1e-10,\n",
    "    'num_roots' : 6,\n",
    "    'frozen_docc' : [28],\n",
    "    'active' : [12],\n",
    "    'TDM' :  True,\n",
    "    'OPDM': True,\n",
    "    'dipmom' : True\n",
    "}\n",
    "\n",
    "mol = psi4.geometry(mol_str)\n",
    "psi4.set_options(options_dict)\n",
    "scf_e, wfn = psi4.energy('SCF', return_wfn=True)\n",
    "fci_energy, wfn = psi4.energy('fci',ref_wfn=wfn, return_wfn=True)"
   ]
  },
  {
   "cell_type": "code",
   "execution_count": 3,
   "id": "7cd7b170-ebef-4360-b057-66a24fb23222",
   "metadata": {},
   "outputs": [
    {
     "name": "stdout",
     "output_type": "stream",
     "text": [
      "-383.43284824492974\n",
      "0.0\n"
     ]
    },
    {
     "name": "stderr",
     "output_type": "stream",
     "text": [
      "/var/folders/hs/493lh3390kv8z7b8n8zv_p580000gp/T/ipykernel_8971/1586369344.py:2: FutureWarning: Using `psi4.core.get_variable` instead of `psi4.core.variable` (or `psi4.core.scalar_variable` for scalar variables only) is deprecated, and in 1.4 it will stop working\n",
      "\n",
      "  ener = psi4.get_variable('CI ROOT 0 -> ROOT 2 EXCITATION ENERGY')\n"
     ]
    }
   ],
   "source": [
    "ci_e, wfn = psi4.energy('fci',ref_wfn=wfn, return_wfn=True)\n",
    "ener = psi4.get_variable('CI ROOT 0 -> ROOT 2 EXCITATION ENERGY')\n",
    "print(fci_energy)\n",
    "print(ener)\n",
    "\n"
   ]
  },
  {
   "cell_type": "code",
   "execution_count": 4,
   "id": "9d37ac81-d394-43df-b425-25e38d6412e7",
   "metadata": {},
   "outputs": [
    {
     "name": "stdout",
     "output_type": "stream",
     "text": [
      "[[0. 0. 0. ... 0. 0. 0.]\n",
      " [0. 0. 0. ... 0. 0. 0.]\n",
      " [0. 0. 0. ... 0. 0. 0.]\n",
      " ...\n",
      " [0. 0. 0. ... 0. 0. 0.]\n",
      " [0. 0. 0. ... 0. 0. 0.]\n",
      " [0. 0. 0. ... 0. 0. 0.]]\n",
      "[[[[ 3.50642730e+00 -1.16833169e+00  4.30158715e-01 ...  7.68354632e-15\n",
      "     1.36181915e-09 -7.92507636e-10]\n",
      "   [-1.16833169e+00  1.29614536e+00  4.78712299e-01 ...  5.53077676e-13\n",
      "     9.80265804e-08 -5.70463511e-08]\n",
      "   [ 4.30158715e-01  4.78712299e-01  6.31050881e-01 ...  1.17539812e-09\n",
      "     2.08325635e-04 -1.21234641e-04]\n",
      "   ...\n",
      "   [ 7.68354632e-15  5.53077676e-13  1.17539812e-09 ...  1.35646099e-01\n",
      "     1.10636151e-08 -6.43844630e-09]\n",
      "   [ 1.36181915e-09  9.80265804e-08  2.08325635e-04 ...  1.10636151e-08\n",
      "     1.37606996e-01 -1.14113967e-03]\n",
      "   [-7.92507636e-10 -5.70463511e-08 -1.21234641e-04 ... -6.43844630e-09\n",
      "    -1.14113967e-03  1.36310182e-01]]\n",
      "\n",
      "  [[-1.16833169e+00  4.18284095e-01 -1.26918055e-01 ... -1.65733911e-15\n",
      "    -2.93744066e-10  1.70943708e-10]\n",
      "   [ 4.18284095e-01 -3.56592370e-01 -9.49306158e-02 ... -1.19298669e-13\n",
      "    -2.11443004e-08  1.23048788e-08]\n",
      "   [-1.26918055e-01 -9.49306158e-02 -1.42020653e-01 ... -2.53532801e-10\n",
      "    -4.49357379e-05  2.61502530e-05]\n",
      "   ...\n",
      "   [-1.65733911e-15 -1.19298669e-13 -2.53532801e-10 ... -2.92587974e-02\n",
      "    -2.38641639e-09  1.38876973e-09]\n",
      "   [-2.93744066e-10 -2.11443004e-08 -4.49357379e-05 ... -2.38641639e-09\n",
      "    -2.96817619e-02  2.46143269e-04]\n",
      "   [ 1.70943708e-10  1.23048788e-08  2.61502530e-05 ...  1.38876973e-09\n",
      "     2.46143269e-04 -2.94020399e-02]]\n",
      "\n",
      "  [[ 4.30158715e-01 -1.26918055e-01  6.21122662e-02 ...  1.46094270e-15\n",
      "     2.58935089e-10 -1.50686701e-10]\n",
      "   [-1.26918055e-01  2.01229333e-01  9.51202964e-02 ...  1.05161746e-13\n",
      "     1.86386954e-08 -1.08467474e-08]\n",
      "   [ 6.21122662e-02  9.51202964e-02  1.16156627e-01 ...  2.23490554e-10\n",
      "     3.96110993e-05 -2.30515914e-05]\n",
      "   ...\n",
      "   [ 1.46094270e-15  1.05161746e-13  2.23490554e-10 ...  2.57917909e-02\n",
      "     2.10363919e-09 -1.22420816e-09]\n",
      "   [ 2.58935089e-10  1.86386954e-08  3.96110993e-05 ...  2.10363919e-09\n",
      "     2.61646365e-02 -2.16976647e-04]\n",
      "   [-1.50686701e-10 -1.08467474e-08 -2.30515914e-05 ... -1.22420816e-09\n",
      "    -2.16976647e-04  2.59180600e-02]]\n",
      "\n",
      "  ...\n",
      "\n",
      "  [[ 7.68354632e-15 -1.65733911e-15  1.46094270e-15 ...  2.70241892e-19\n",
      "     1.59745775e-22 -9.29636993e-23]\n",
      "   [-1.65733911e-15  7.68344526e-15  5.51869745e-15 ...  1.94532047e-17\n",
      "     1.14991533e-20 -6.69190677e-21]\n",
      "   [ 1.46094270e-15  5.51869745e-15  7.65993657e-15 ...  5.88808052e-14\n",
      "     2.16156905e-17 -1.25792031e-17]\n",
      "   ...\n",
      "   [ 2.70241892e-19  1.94532047e-17  5.88808052e-14 ...  9.70928997e-15\n",
      "     8.44319636e-12 -4.91349940e-12]\n",
      "   [ 1.59745775e-22  1.14991533e-20  2.16156905e-17 ...  8.44319636e-12\n",
      "     1.02780506e-14 -3.86434064e-16]\n",
      "   [-9.29636993e-23 -6.69190677e-21 -1.25792031e-17 ... -4.91349940e-12\n",
      "    -3.86434064e-16  9.83889938e-15]]\n",
      "\n",
      "  [[ 1.36181915e-09 -2.93744066e-10  2.58935089e-10 ...  1.59745775e-22\n",
      "     2.85833211e-17 -1.64767336e-17]\n",
      "   [-2.93744066e-10  1.36180124e-09  9.78124888e-10 ...  1.14991533e-20\n",
      "     2.05754429e-15 -1.18606258e-15]\n",
      "   [ 2.58935089e-10  9.78124888e-10  1.35763460e-09 ...  2.16156905e-17\n",
      "     3.89001034e-12 -2.22951734e-12]\n",
      "   ...\n",
      "   [ 1.59745775e-22  1.14991533e-20  2.16156905e-17 ...  1.70397224e-09\n",
      "     7.11673155e-16 -3.86434064e-16]\n",
      "   [ 2.85833211e-17  2.05754429e-15  3.89001034e-12 ...  7.11673155e-16\n",
      "     1.83855122e-09 -7.34044393e-11]\n",
      "   [-1.64767336e-17 -1.18606258e-15 -2.22951734e-12 ... -3.86434064e-16\n",
      "    -7.34044393e-11  1.74383039e-09]]\n",
      "\n",
      "  [[-7.92507636e-10  1.70943708e-10 -1.50686701e-10 ... -9.29636993e-23\n",
      "    -1.64767336e-17  9.85884050e-18]\n",
      "   [ 1.70943708e-10 -7.92497213e-10 -5.69217610e-10 ... -6.69190677e-21\n",
      "    -1.18606258e-15  7.09679696e-16]\n",
      "   [-1.50686701e-10 -5.69217610e-10 -7.90072444e-10 ... -1.25792031e-17\n",
      "    -2.22951734e-12  1.35634348e-12]\n",
      "   ...\n",
      "   [-9.29636993e-23 -6.69190677e-21 -1.25792031e-17 ... -9.91622869e-10\n",
      "    -3.86434064e-16  2.72521969e-16]\n",
      "   [-1.64767336e-17 -1.18606258e-15 -2.22951734e-12 ... -3.86434064e-16\n",
      "    -1.06011381e-09  4.83013470e-11]\n",
      "   [ 9.85884050e-18  7.09679696e-16  1.35634348e-12 ...  2.72521969e-16\n",
      "     4.83013470e-11 -1.02464523e-09]]]\n",
      "\n",
      "\n",
      " [[[-1.16833169e+00  4.18284095e-01 -1.26918055e-01 ... -1.65733911e-15\n",
      "    -2.93744066e-10  1.70943708e-10]\n",
      "   [ 4.18284095e-01 -3.56592370e-01 -9.49306158e-02 ... -1.19298669e-13\n",
      "    -2.11443004e-08  1.23048788e-08]\n",
      "   [-1.26918055e-01 -9.49306158e-02 -1.42020653e-01 ... -2.53532801e-10\n",
      "    -4.49357379e-05  2.61502530e-05]\n",
      "   ...\n",
      "   [-1.65733911e-15 -1.19298669e-13 -2.53532801e-10 ... -2.92587974e-02\n",
      "    -2.38641639e-09  1.38876973e-09]\n",
      "   [-2.93744066e-10 -2.11443004e-08 -4.49357379e-05 ... -2.38641639e-09\n",
      "    -2.96817619e-02  2.46143269e-04]\n",
      "   [ 1.70943708e-10  1.23048788e-08  2.61502530e-05 ...  1.38876973e-09\n",
      "     2.46143269e-04 -2.94020399e-02]]\n",
      "\n",
      "  [[ 1.29614536e+00 -3.56592370e-01  2.01229333e-01 ...  7.68344526e-15\n",
      "     1.36180124e-09 -7.92497213e-10]\n",
      "   [-3.56592370e-01  8.19342255e-01  4.64376175e-01 ...  5.53071784e-13\n",
      "     9.80255363e-08 -5.70457435e-08]\n",
      "   [ 2.01229333e-01  4.64376175e-01  5.51730753e-01 ...  1.17539810e-09\n",
      "     2.08325631e-04 -1.21234639e-04]\n",
      "   ...\n",
      "   [ 7.68344526e-15  5.53071784e-13  1.17539810e-09 ...  1.35646099e-01\n",
      "     1.10636151e-08 -6.43844630e-09]\n",
      "   [ 1.36180124e-09  9.80255363e-08  2.08325631e-04 ...  1.10636151e-08\n",
      "     1.37606996e-01 -1.14113967e-03]\n",
      "   [-7.92497213e-10 -5.70457435e-08 -1.21234639e-04 ... -6.43844630e-09\n",
      "    -1.14113967e-03  1.36310182e-01]]\n",
      "\n",
      "  [[ 4.78712299e-01 -9.49306158e-02  9.51202964e-02 ...  5.51869745e-15\n",
      "     9.78124888e-10 -5.69217610e-10]\n",
      "   [-9.49306158e-02  4.64376175e-01  3.11704070e-01 ...  3.97249183e-13\n",
      "     7.04077939e-08 -4.09736595e-08]\n",
      "   [ 9.51202964e-02  3.11704070e-01  3.65997114e-01 ...  8.44325475e-10\n",
      "     1.49646863e-04 -8.70866600e-05]\n",
      "   ...\n",
      "   [ 5.51869745e-15  3.97249183e-13  8.44325475e-10 ...  9.74389092e-02\n",
      "     7.94734680e-09 -4.62494085e-09]\n",
      "   [ 9.78124888e-10  7.04077939e-08  1.49646863e-04 ...  7.94734680e-09\n",
      "     9.88474839e-02 -8.19716933e-04]\n",
      "   [-5.69217610e-10 -4.09736595e-08 -8.70866600e-05 ... -4.62494085e-09\n",
      "    -8.19716933e-04  9.79159416e-02]]\n",
      "\n",
      "  ...\n",
      "\n",
      "  [[ 5.53077676e-13 -1.19298669e-13  1.05161746e-13 ...  1.94532047e-17\n",
      "     1.14991533e-20 -6.69190677e-21]\n",
      "   [-1.19298669e-13  5.53071784e-13  3.97249183e-13 ...  1.40032757e-15\n",
      "     8.27756023e-19 -4.81710782e-19]\n",
      "   [ 1.05161746e-13  3.97249183e-13  5.51382909e-13 ...  4.23850068e-12\n",
      "     1.55598580e-15 -9.05502484e-16]\n",
      "   ...\n",
      "   [ 1.94532047e-17  1.40032757e-15  4.23850068e-12 ...  6.98913270e-13\n",
      "     6.07778620e-10 -3.53695420e-10]\n",
      "   [ 1.14991533e-20  8.27756023e-19  1.55598580e-15 ...  6.07778620e-10\n",
      "     7.39855079e-13 -2.78171789e-14]\n",
      "   [-6.69190677e-21 -4.81710782e-19 -9.05502484e-16 ... -3.53695420e-10\n",
      "    -2.78171789e-14  7.08243096e-13]]\n",
      "\n",
      "  [[ 9.80265804e-08 -2.11443004e-08  1.86386954e-08 ...  1.14991533e-20\n",
      "     2.05754429e-15 -1.18606258e-15]\n",
      "   [-2.11443004e-08  9.80255363e-08  7.04077939e-08 ...  8.27756023e-19\n",
      "     1.48110448e-13 -8.53776292e-14]\n",
      "   [ 1.86386954e-08  7.04077939e-08  9.77262028e-08 ...  1.55598580e-15\n",
      "     2.80018872e-10 -1.60489776e-10]\n",
      "   ...\n",
      "   [ 1.14991533e-20  8.27756023e-19  1.55598580e-15 ...  1.22658685e-07\n",
      "     5.12292883e-14 -2.78171789e-14]\n",
      "   [ 2.05754429e-15  1.48110448e-13  2.80018872e-10 ...  5.12292883e-14\n",
      "     1.32346258e-07 -5.28396661e-09]\n",
      "   [-1.18606258e-15 -8.53776292e-14 -1.60489776e-10 ... -2.78171789e-14\n",
      "    -5.28396661e-09  1.25527845e-07]]\n",
      "\n",
      "  [[-5.70463511e-08  1.23048788e-08 -1.08467474e-08 ... -6.69190677e-21\n",
      "    -1.18606258e-15  7.09679696e-16]\n",
      "   [ 1.23048788e-08 -5.70457435e-08 -4.09736595e-08 ... -4.81710782e-19\n",
      "    -8.53776292e-14  5.10856495e-14]\n",
      "   [-1.08467474e-08 -4.09736595e-08 -5.68715470e-08 ... -9.05502484e-16\n",
      "    -1.60489776e-10  9.76351697e-11]\n",
      "   ...\n",
      "   [-6.69190677e-21 -4.81710782e-19 -9.05502484e-16 ... -7.13809496e-08\n",
      "    -2.78171789e-14  1.96173052e-14]\n",
      "   [-1.18606258e-15 -8.53776292e-14 -1.60489776e-10 ... -2.78171789e-14\n",
      "    -7.63112208e-08  3.47693900e-09]\n",
      "   [ 7.09679696e-16  5.10856495e-14  9.76351697e-11 ...  1.96173052e-14\n",
      "     3.47693900e-09 -7.37580420e-08]]]\n",
      "\n",
      "\n",
      " [[[ 4.30158715e-01 -1.26918055e-01  6.21122662e-02 ...  1.46094270e-15\n",
      "     2.58935089e-10 -1.50686701e-10]\n",
      "   [-1.26918055e-01  2.01229333e-01  9.51202964e-02 ...  1.05161746e-13\n",
      "     1.86386954e-08 -1.08467474e-08]\n",
      "   [ 6.21122662e-02  9.51202964e-02  1.16156627e-01 ...  2.23490554e-10\n",
      "     3.96110993e-05 -2.30515914e-05]\n",
      "   ...\n",
      "   [ 1.46094270e-15  1.05161746e-13  2.23490554e-10 ...  2.57917909e-02\n",
      "     2.10363919e-09 -1.22420816e-09]\n",
      "   [ 2.58935089e-10  1.86386954e-08  3.96110993e-05 ...  2.10363919e-09\n",
      "     2.61646365e-02 -2.16976647e-04]\n",
      "   [-1.50686701e-10 -1.08467474e-08 -2.30515914e-05 ... -1.22420816e-09\n",
      "    -2.16976647e-04  2.59180600e-02]]\n",
      "\n",
      "  [[ 4.78712299e-01 -9.49306158e-02  9.51202964e-02 ...  5.51869745e-15\n",
      "     9.78124888e-10 -5.69217610e-10]\n",
      "   [-9.49306158e-02  4.64376175e-01  3.11704070e-01 ...  3.97249183e-13\n",
      "     7.04077939e-08 -4.09736595e-08]\n",
      "   [ 9.51202964e-02  3.11704070e-01  3.65997114e-01 ...  8.44325475e-10\n",
      "     1.49646863e-04 -8.70866600e-05]\n",
      "   ...\n",
      "   [ 5.51869745e-15  3.97249183e-13  8.44325475e-10 ...  9.74389092e-02\n",
      "     7.94734680e-09 -4.62494085e-09]\n",
      "   [ 9.78124888e-10  7.04077939e-08  1.49646863e-04 ...  7.94734680e-09\n",
      "     9.88474839e-02 -8.19716933e-04]\n",
      "   [-5.69217610e-10 -4.09736595e-08 -8.70866600e-05 ... -4.62494085e-09\n",
      "    -8.19716933e-04  9.79159416e-02]]\n",
      "\n",
      "  [[ 6.31050881e-01 -1.42020653e-01  1.16156627e-01 ...  7.65993657e-15\n",
      "     1.35763460e-09 -7.90072444e-10]\n",
      "   [-1.42020653e-01  5.51730753e-01  3.65997114e-01 ...  5.51382909e-13\n",
      "     9.77262028e-08 -5.68715470e-08]\n",
      "   [ 1.16156627e-01  3.65997114e-01  4.50787124e-01 ...  1.17529867e-09\n",
      "     2.08308010e-04 -1.21224385e-04]\n",
      "   ...\n",
      "   [ 7.65993657e-15  5.51382909e-13  1.17529867e-09 ...  1.35646086e-01\n",
      "     1.10632278e-08 -6.43822091e-09]\n",
      "   [ 1.35763460e-09  9.77262028e-08  2.08308010e-04 ...  1.10632278e-08\n",
      "     1.37606914e-01 -1.14109972e-03]\n",
      "   [-7.90072444e-10 -5.68715470e-08 -1.21224385e-04 ... -6.43822091e-09\n",
      "    -1.14109972e-03  1.36310146e-01]]\n",
      "\n",
      "  ...\n",
      "\n",
      "  [[ 1.17539812e-09 -2.53532801e-10  2.23490554e-10 ...  5.88808052e-14\n",
      "     2.16156905e-17 -1.25792031e-17]\n",
      "   [-2.53532801e-10  1.17539810e-09  8.44325475e-10 ...  4.23850068e-12\n",
      "     1.55598580e-15 -9.05502484e-16]\n",
      "   [ 2.23490554e-10  8.44325475e-10  1.17529867e-09 ...  7.41834439e-08\n",
      "     5.78359295e-12 -3.36574909e-12]\n",
      "   ...\n",
      "   [ 5.88808052e-14  4.23850068e-12  7.41834439e-08 ...  3.49888842e-09\n",
      "     2.37409254e-05 -1.38159789e-05]\n",
      "   [ 2.16156905e-17  1.55598580e-15  5.78359295e-12 ...  2.37409254e-05\n",
      "     3.41151651e-09 -1.05056913e-10]\n",
      "   [-1.25792031e-17 -9.05502484e-16 -3.36574909e-12 ... -1.38159789e-05\n",
      "    -1.05056913e-10  3.29212779e-09]]\n",
      "\n",
      "  [[ 2.08325635e-04 -4.49357379e-05  3.96110993e-05 ...  2.16156905e-17\n",
      "     3.89001034e-12 -2.22951734e-12]\n",
      "   [-4.49357379e-05  2.08325631e-04  1.49646863e-04 ...  1.55598580e-15\n",
      "     2.80018872e-10 -1.60489776e-10]\n",
      "   [ 3.96110993e-05  1.49646863e-04  2.08308010e-04 ...  5.78359295e-12\n",
      "     1.09925798e-06 -5.96539851e-07]\n",
      "   ...\n",
      "   [ 2.16156905e-17  1.55598580e-15  5.78359295e-12 ...  5.72655397e-04\n",
      "     3.14475494e-10 -1.05056913e-10]\n",
      "   [ 3.89001034e-12  2.80018872e-10  1.09925798e-06 ...  3.14475494e-10\n",
      "     6.52133443e-04 -3.24360939e-05]\n",
      "   [-2.22951734e-12 -1.60489776e-10 -5.96539851e-07 ... -1.05056913e-10\n",
      "    -3.24360939e-05  5.83491332e-04]]\n",
      "\n",
      "  [[-1.21234641e-04  2.61502530e-05 -2.30515914e-05 ... -1.25792031e-17\n",
      "    -2.22951734e-12  1.35634348e-12]\n",
      "   [ 2.61502530e-05 -1.21234639e-04 -8.70866600e-05 ... -9.05502484e-16\n",
      "    -1.60489776e-10  9.76351697e-11]\n",
      "   [-2.30515914e-05 -8.70866600e-05 -1.21224385e-04 ... -3.36574909e-12\n",
      "    -5.96539851e-07  4.21338487e-07]\n",
      "   ...\n",
      "   [-1.25792031e-17 -9.05502484e-16 -3.36574909e-12 ... -3.33255538e-04\n",
      "    -1.05056913e-10  1.95086775e-10]\n",
      "   [-2.22951734e-12 -1.60489776e-10 -5.96539851e-07 ... -1.05056913e-10\n",
      "    -3.51875653e-04  3.45768601e-05]\n",
      "   [ 1.35634348e-12  9.76351697e-11  4.21338487e-07 ...  1.95086775e-10\n",
      "     3.45768601e-05 -3.67193444e-04]]]\n",
      "\n",
      "\n",
      " ...\n",
      "\n",
      "\n",
      " [[[ 7.68354632e-15 -1.65733911e-15  1.46094270e-15 ...  2.70241892e-19\n",
      "     1.59745775e-22 -9.29636993e-23]\n",
      "   [-1.65733911e-15  7.68344526e-15  5.51869745e-15 ...  1.94532047e-17\n",
      "     1.14991533e-20 -6.69190677e-21]\n",
      "   [ 1.46094270e-15  5.51869745e-15  7.65993657e-15 ...  5.88808052e-14\n",
      "     2.16156905e-17 -1.25792031e-17]\n",
      "   ...\n",
      "   [ 2.70241892e-19  1.94532047e-17  5.88808052e-14 ...  9.70928997e-15\n",
      "     8.44319636e-12 -4.91349940e-12]\n",
      "   [ 1.59745775e-22  1.14991533e-20  2.16156905e-17 ...  8.44319636e-12\n",
      "     1.02780506e-14 -3.86434064e-16]\n",
      "   [-9.29636993e-23 -6.69190677e-21 -1.25792031e-17 ... -4.91349940e-12\n",
      "    -3.86434064e-16  9.83889938e-15]]\n",
      "\n",
      "  [[ 5.53077676e-13 -1.19298669e-13  1.05161746e-13 ...  1.94532047e-17\n",
      "     1.14991533e-20 -6.69190677e-21]\n",
      "   [-1.19298669e-13  5.53071784e-13  3.97249183e-13 ...  1.40032757e-15\n",
      "     8.27756023e-19 -4.81710782e-19]\n",
      "   [ 1.05161746e-13  3.97249183e-13  5.51382909e-13 ...  4.23850068e-12\n",
      "     1.55598580e-15 -9.05502484e-16]\n",
      "   ...\n",
      "   [ 1.94532047e-17  1.40032757e-15  4.23850068e-12 ...  6.98913270e-13\n",
      "     6.07778620e-10 -3.53695420e-10]\n",
      "   [ 1.14991533e-20  8.27756023e-19  1.55598580e-15 ...  6.07778620e-10\n",
      "     7.39855079e-13 -2.78171789e-14]\n",
      "   [-6.69190677e-21 -4.81710782e-19 -9.05502484e-16 ... -3.53695420e-10\n",
      "    -2.78171789e-14  7.08243096e-13]]\n",
      "\n",
      "  [[ 1.17539812e-09 -2.53532801e-10  2.23490554e-10 ...  5.88808052e-14\n",
      "     2.16156905e-17 -1.25792031e-17]\n",
      "   [-2.53532801e-10  1.17539810e-09  8.44325475e-10 ...  4.23850068e-12\n",
      "     1.55598580e-15 -9.05502484e-16]\n",
      "   [ 2.23490554e-10  8.44325475e-10  1.17529867e-09 ...  7.41834439e-08\n",
      "     5.78359295e-12 -3.36574909e-12]\n",
      "   ...\n",
      "   [ 5.88808052e-14  4.23850068e-12  7.41834439e-08 ...  3.49888842e-09\n",
      "     2.37409254e-05 -1.38159789e-05]\n",
      "   [ 2.16156905e-17  1.55598580e-15  5.78359295e-12 ...  2.37409254e-05\n",
      "     3.41151651e-09 -1.05056913e-10]\n",
      "   [-1.25792031e-17 -9.05502484e-16 -3.36574909e-12 ... -1.38159789e-05\n",
      "    -1.05056913e-10  3.29212779e-09]]\n",
      "\n",
      "  ...\n",
      "\n",
      "  [[ 1.35646099e-01 -2.92587974e-02  2.57917909e-02 ...  9.70928997e-15\n",
      "     1.70397224e-09 -9.91622869e-10]\n",
      "   [-2.92587974e-02  1.35646099e-01  9.74389092e-02 ...  6.98913270e-13\n",
      "     1.22658685e-07 -7.13809496e-08]\n",
      "   [ 2.57917909e-02  9.74389092e-02  1.35646086e-01 ...  3.49888842e-09\n",
      "     5.72655397e-04 -3.33255538e-04]\n",
      "   ...\n",
      "   [ 9.70928997e-15  6.98913270e-13  3.49888842e-09 ...  7.85718709e-01\n",
      "     0.00000000e+00  0.00000000e+00]\n",
      "   [ 1.70397224e-09  1.22658685e-07  5.72655397e-04 ...  0.00000000e+00\n",
      "     6.89508255e-01  0.00000000e+00]\n",
      "   [-9.91622869e-10 -7.13809496e-08 -3.33255538e-04 ...  0.00000000e+00\n",
      "     0.00000000e+00  6.89508255e-01]]\n",
      "\n",
      "  [[ 1.10636151e-08 -2.38641639e-09  2.10363919e-09 ...  8.44319636e-12\n",
      "     7.11673155e-16 -3.86434064e-16]\n",
      "   [-2.38641639e-09  1.10636151e-08  7.94734680e-09 ...  6.07778620e-10\n",
      "     5.12292883e-14 -2.78171789e-14]\n",
      "   [ 2.10363919e-09  7.94734680e-09  1.10632278e-08 ...  2.37409254e-05\n",
      "     3.14475494e-10 -1.05056913e-10]\n",
      "   ...\n",
      "   [ 8.44319636e-12  6.07778620e-10  2.37409254e-05 ...  0.00000000e+00\n",
      "     4.81052271e-02  0.00000000e+00]\n",
      "   [ 7.11673155e-16  5.12292883e-14  3.14475494e-10 ...  4.81052271e-02\n",
      "     0.00000000e+00  0.00000000e+00]\n",
      "   [-3.86434064e-16 -2.78171789e-14 -1.05056913e-10 ...  0.00000000e+00\n",
      "     0.00000000e+00  0.00000000e+00]]\n",
      "\n",
      "  [[-6.43844630e-09  1.38876973e-09 -1.22420816e-09 ... -4.91349940e-12\n",
      "    -3.86434064e-16  2.72521969e-16]\n",
      "   [ 1.38876973e-09 -6.43844630e-09 -4.62494085e-09 ... -3.53695420e-10\n",
      "    -2.78171789e-14  1.96173052e-14]\n",
      "   [-1.22420816e-09 -4.62494085e-09 -6.43822091e-09 ... -1.38159789e-05\n",
      "    -1.05056913e-10  1.95086775e-10]\n",
      "   ...\n",
      "   [-4.91349940e-12 -3.53695420e-10 -1.38159789e-05 ...  0.00000000e+00\n",
      "     0.00000000e+00  4.81052271e-02]\n",
      "   [-3.86434064e-16 -2.78171789e-14 -1.05056913e-10 ...  0.00000000e+00\n",
      "     0.00000000e+00  0.00000000e+00]\n",
      "   [ 2.72521969e-16  1.96173052e-14  1.95086775e-10 ...  4.81052271e-02\n",
      "     0.00000000e+00  0.00000000e+00]]]\n",
      "\n",
      "\n",
      " [[[ 1.36181915e-09 -2.93744066e-10  2.58935089e-10 ...  1.59745775e-22\n",
      "     2.85833211e-17 -1.64767336e-17]\n",
      "   [-2.93744066e-10  1.36180124e-09  9.78124888e-10 ...  1.14991533e-20\n",
      "     2.05754429e-15 -1.18606258e-15]\n",
      "   [ 2.58935089e-10  9.78124888e-10  1.35763460e-09 ...  2.16156905e-17\n",
      "     3.89001034e-12 -2.22951734e-12]\n",
      "   ...\n",
      "   [ 1.59745775e-22  1.14991533e-20  2.16156905e-17 ...  1.70397224e-09\n",
      "     7.11673155e-16 -3.86434064e-16]\n",
      "   [ 2.85833211e-17  2.05754429e-15  3.89001034e-12 ...  7.11673155e-16\n",
      "     1.83855122e-09 -7.34044393e-11]\n",
      "   [-1.64767336e-17 -1.18606258e-15 -2.22951734e-12 ... -3.86434064e-16\n",
      "    -7.34044393e-11  1.74383039e-09]]\n",
      "\n",
      "  [[ 9.80265804e-08 -2.11443004e-08  1.86386954e-08 ...  1.14991533e-20\n",
      "     2.05754429e-15 -1.18606258e-15]\n",
      "   [-2.11443004e-08  9.80255363e-08  7.04077939e-08 ...  8.27756023e-19\n",
      "     1.48110448e-13 -8.53776292e-14]\n",
      "   [ 1.86386954e-08  7.04077939e-08  9.77262028e-08 ...  1.55598580e-15\n",
      "     2.80018872e-10 -1.60489776e-10]\n",
      "   ...\n",
      "   [ 1.14991533e-20  8.27756023e-19  1.55598580e-15 ...  1.22658685e-07\n",
      "     5.12292883e-14 -2.78171789e-14]\n",
      "   [ 2.05754429e-15  1.48110448e-13  2.80018872e-10 ...  5.12292883e-14\n",
      "     1.32346258e-07 -5.28396661e-09]\n",
      "   [-1.18606258e-15 -8.53776292e-14 -1.60489776e-10 ... -2.78171789e-14\n",
      "    -5.28396661e-09  1.25527845e-07]]\n",
      "\n",
      "  [[ 2.08325635e-04 -4.49357379e-05  3.96110993e-05 ...  2.16156905e-17\n",
      "     3.89001034e-12 -2.22951734e-12]\n",
      "   [-4.49357379e-05  2.08325631e-04  1.49646863e-04 ...  1.55598580e-15\n",
      "     2.80018872e-10 -1.60489776e-10]\n",
      "   [ 3.96110993e-05  1.49646863e-04  2.08308010e-04 ...  5.78359295e-12\n",
      "     1.09925798e-06 -5.96539851e-07]\n",
      "   ...\n",
      "   [ 2.16156905e-17  1.55598580e-15  5.78359295e-12 ...  5.72655397e-04\n",
      "     3.14475494e-10 -1.05056913e-10]\n",
      "   [ 3.89001034e-12  2.80018872e-10  1.09925798e-06 ...  3.14475494e-10\n",
      "     6.52133443e-04 -3.24360939e-05]\n",
      "   [-2.22951734e-12 -1.60489776e-10 -5.96539851e-07 ... -1.05056913e-10\n",
      "    -3.24360939e-05  5.83491332e-04]]\n",
      "\n",
      "  ...\n",
      "\n",
      "  [[ 1.10636151e-08 -2.38641639e-09  2.10363919e-09 ...  8.44319636e-12\n",
      "     7.11673155e-16 -3.86434064e-16]\n",
      "   [-2.38641639e-09  1.10636151e-08  7.94734680e-09 ...  6.07778620e-10\n",
      "     5.12292883e-14 -2.78171789e-14]\n",
      "   [ 2.10363919e-09  7.94734680e-09  1.10632278e-08 ...  2.37409254e-05\n",
      "     3.14475494e-10 -1.05056913e-10]\n",
      "   ...\n",
      "   [ 8.44319636e-12  6.07778620e-10  2.37409254e-05 ...  0.00000000e+00\n",
      "     4.81052271e-02  0.00000000e+00]\n",
      "   [ 7.11673155e-16  5.12292883e-14  3.14475494e-10 ...  4.81052271e-02\n",
      "     0.00000000e+00  0.00000000e+00]\n",
      "   [-3.86434064e-16 -2.78171789e-14 -1.05056913e-10 ...  0.00000000e+00\n",
      "     0.00000000e+00  0.00000000e+00]]\n",
      "\n",
      "  [[ 1.37606996e-01 -2.96817619e-02  2.61646365e-02 ...  1.02780506e-14\n",
      "     1.83855122e-09 -1.06011381e-09]\n",
      "   [-2.96817619e-02  1.37606996e-01  9.88474839e-02 ...  7.39855079e-13\n",
      "     1.32346258e-07 -7.63112208e-08]\n",
      "   [ 2.61646365e-02  9.88474839e-02  1.37606914e-01 ...  3.41151651e-09\n",
      "     6.52133443e-04 -3.51875653e-04]\n",
      "   ...\n",
      "   [ 1.02780506e-14  7.39855079e-13  3.41151651e-09 ...  6.89508255e-01\n",
      "     0.00000000e+00  0.00000000e+00]\n",
      "   [ 1.83855122e-09  1.32346258e-07  6.52133443e-04 ...  0.00000000e+00\n",
      "     7.85718709e-01  0.00000000e+00]\n",
      "   [-1.06011381e-09 -7.63112208e-08 -3.51875653e-04 ...  0.00000000e+00\n",
      "     0.00000000e+00  6.89508255e-01]]\n",
      "\n",
      "  [[-1.14113967e-03  2.46143269e-04 -2.16976647e-04 ... -3.86434064e-16\n",
      "    -7.34044393e-11  4.83013470e-11]\n",
      "   [ 2.46143269e-04 -1.14113967e-03 -8.19716933e-04 ... -2.78171789e-14\n",
      "    -5.28396661e-09  3.47693900e-09]\n",
      "   [-2.16976647e-04 -8.19716933e-04 -1.14109972e-03 ... -1.05056913e-10\n",
      "    -3.24360939e-05  3.45768601e-05]\n",
      "   ...\n",
      "   [-3.86434064e-16 -2.78171789e-14 -1.05056913e-10 ...  0.00000000e+00\n",
      "     0.00000000e+00  0.00000000e+00]\n",
      "   [-7.34044393e-11 -5.28396661e-09 -3.24360939e-05 ...  0.00000000e+00\n",
      "     0.00000000e+00  4.81052271e-02]\n",
      "   [ 4.83013470e-11  3.47693900e-09  3.45768601e-05 ...  0.00000000e+00\n",
      "     4.81052271e-02  0.00000000e+00]]]\n",
      "\n",
      "\n",
      " [[[-7.92507636e-10  1.70943708e-10 -1.50686701e-10 ... -9.29636993e-23\n",
      "    -1.64767336e-17  9.85884050e-18]\n",
      "   [ 1.70943708e-10 -7.92497213e-10 -5.69217610e-10 ... -6.69190677e-21\n",
      "    -1.18606258e-15  7.09679696e-16]\n",
      "   [-1.50686701e-10 -5.69217610e-10 -7.90072444e-10 ... -1.25792031e-17\n",
      "    -2.22951734e-12  1.35634348e-12]\n",
      "   ...\n",
      "   [-9.29636993e-23 -6.69190677e-21 -1.25792031e-17 ... -9.91622869e-10\n",
      "    -3.86434064e-16  2.72521969e-16]\n",
      "   [-1.64767336e-17 -1.18606258e-15 -2.22951734e-12 ... -3.86434064e-16\n",
      "    -1.06011381e-09  4.83013470e-11]\n",
      "   [ 9.85884050e-18  7.09679696e-16  1.35634348e-12 ...  2.72521969e-16\n",
      "     4.83013470e-11 -1.02464523e-09]]\n",
      "\n",
      "  [[-5.70463511e-08  1.23048788e-08 -1.08467474e-08 ... -6.69190677e-21\n",
      "    -1.18606258e-15  7.09679696e-16]\n",
      "   [ 1.23048788e-08 -5.70457435e-08 -4.09736595e-08 ... -4.81710782e-19\n",
      "    -8.53776292e-14  5.10856495e-14]\n",
      "   [-1.08467474e-08 -4.09736595e-08 -5.68715470e-08 ... -9.05502484e-16\n",
      "    -1.60489776e-10  9.76351697e-11]\n",
      "   ...\n",
      "   [-6.69190677e-21 -4.81710782e-19 -9.05502484e-16 ... -7.13809496e-08\n",
      "    -2.78171789e-14  1.96173052e-14]\n",
      "   [-1.18606258e-15 -8.53776292e-14 -1.60489776e-10 ... -2.78171789e-14\n",
      "    -7.63112208e-08  3.47693900e-09]\n",
      "   [ 7.09679696e-16  5.10856495e-14  9.76351697e-11 ...  1.96173052e-14\n",
      "     3.47693900e-09 -7.37580420e-08]]\n",
      "\n",
      "  [[-1.21234641e-04  2.61502530e-05 -2.30515914e-05 ... -1.25792031e-17\n",
      "    -2.22951734e-12  1.35634348e-12]\n",
      "   [ 2.61502530e-05 -1.21234639e-04 -8.70866600e-05 ... -9.05502484e-16\n",
      "    -1.60489776e-10  9.76351697e-11]\n",
      "   [-2.30515914e-05 -8.70866600e-05 -1.21224385e-04 ... -3.36574909e-12\n",
      "    -5.96539851e-07  4.21338487e-07]\n",
      "   ...\n",
      "   [-1.25792031e-17 -9.05502484e-16 -3.36574909e-12 ... -3.33255538e-04\n",
      "    -1.05056913e-10  1.95086775e-10]\n",
      "   [-2.22951734e-12 -1.60489776e-10 -5.96539851e-07 ... -1.05056913e-10\n",
      "    -3.51875653e-04  3.45768601e-05]\n",
      "   [ 1.35634348e-12  9.76351697e-11  4.21338487e-07 ...  1.95086775e-10\n",
      "     3.45768601e-05 -3.67193444e-04]]\n",
      "\n",
      "  ...\n",
      "\n",
      "  [[-6.43844630e-09  1.38876973e-09 -1.22420816e-09 ... -4.91349940e-12\n",
      "    -3.86434064e-16  2.72521969e-16]\n",
      "   [ 1.38876973e-09 -6.43844630e-09 -4.62494085e-09 ... -3.53695420e-10\n",
      "    -2.78171789e-14  1.96173052e-14]\n",
      "   [-1.22420816e-09 -4.62494085e-09 -6.43822091e-09 ... -1.38159789e-05\n",
      "    -1.05056913e-10  1.95086775e-10]\n",
      "   ...\n",
      "   [-4.91349940e-12 -3.53695420e-10 -1.38159789e-05 ...  0.00000000e+00\n",
      "     0.00000000e+00  4.81052271e-02]\n",
      "   [-3.86434064e-16 -2.78171789e-14 -1.05056913e-10 ...  0.00000000e+00\n",
      "     0.00000000e+00  0.00000000e+00]\n",
      "   [ 2.72521969e-16  1.96173052e-14  1.95086775e-10 ...  4.81052271e-02\n",
      "     0.00000000e+00  0.00000000e+00]]\n",
      "\n",
      "  [[-1.14113967e-03  2.46143269e-04 -2.16976647e-04 ... -3.86434064e-16\n",
      "    -7.34044393e-11  4.83013470e-11]\n",
      "   [ 2.46143269e-04 -1.14113967e-03 -8.19716933e-04 ... -2.78171789e-14\n",
      "    -5.28396661e-09  3.47693900e-09]\n",
      "   [-2.16976647e-04 -8.19716933e-04 -1.14109972e-03 ... -1.05056913e-10\n",
      "    -3.24360939e-05  3.45768601e-05]\n",
      "   ...\n",
      "   [-3.86434064e-16 -2.78171789e-14 -1.05056913e-10 ...  0.00000000e+00\n",
      "     0.00000000e+00  0.00000000e+00]\n",
      "   [-7.34044393e-11 -5.28396661e-09 -3.24360939e-05 ...  0.00000000e+00\n",
      "     0.00000000e+00  4.81052271e-02]\n",
      "   [ 4.83013470e-11  3.47693900e-09  3.45768601e-05 ...  0.00000000e+00\n",
      "     4.81052271e-02  0.00000000e+00]]\n",
      "\n",
      "  [[ 1.36310182e-01 -2.94020399e-02  2.59180600e-02 ...  9.83889938e-15\n",
      "     1.74383039e-09 -1.02464523e-09]\n",
      "   [-2.94020399e-02  1.36310182e-01  9.79159416e-02 ...  7.08243096e-13\n",
      "     1.25527845e-07 -7.37580420e-08]\n",
      "   [ 2.59180600e-02  9.79159416e-02  1.36310146e-01 ...  3.29212779e-09\n",
      "     5.83491332e-04 -3.67193444e-04]\n",
      "   ...\n",
      "   [ 9.83889938e-15  7.08243096e-13  3.29212779e-09 ...  6.89508255e-01\n",
      "     0.00000000e+00  0.00000000e+00]\n",
      "   [ 1.74383039e-09  1.25527845e-07  5.83491332e-04 ...  0.00000000e+00\n",
      "     6.89508255e-01  0.00000000e+00]\n",
      "   [-1.02464523e-09 -7.37580420e-08 -3.67193444e-04 ...  0.00000000e+00\n",
      "     0.00000000e+00  7.85718709e-01]]]]\n"
     ]
    },
    {
     "name": "stdout",
     "output_type": "stream",
     "text": [
      "CI ROOT 0 -> ROOT 1 DIPOLE X = 0.02797154322226563\n",
      "CI ROOT 0 -> ROOT 1 DIPOLE Y = -1.1506441905892247e-06\n",
      "CI ROOT 0 -> ROOT 1 DIPOLE Z = -1.5094161362379692e-06\n",
      "CI ROOT 1 -> ROOT 2 DIPOLE X = 0.0\n",
      "CI ROOT 1 -> ROOT 2 DIPOLE Y = 0.0\n",
      "CI ROOT 1 -> ROOT 2 DIPOLE Z = 0.0\n",
      "CI ROOT 2 -> ROOT 3 DIPOLE X = 0.0\n",
      "CI ROOT 2 -> ROOT 3 DIPOLE Y = 0.0\n",
      "CI ROOT 2 -> ROOT 3 DIPOLE Z = 0.0\n",
      "CI ROOT 3 -> ROOT 4 DIPOLE X = 0.0\n",
      "CI ROOT 3 -> ROOT 4 DIPOLE Y = 0.0\n",
      "CI ROOT 3 -> ROOT 4 DIPOLE Z = 0.0\n",
      "CI ROOT 4 -> ROOT 5 DIPOLE X = 0.0\n",
      "CI ROOT 4 -> ROOT 5 DIPOLE Y = 0.0\n",
      "CI ROOT 4 -> ROOT 5 DIPOLE Z = 0.0\n",
      "CI ROOT 5 -> ROOT 6 DIPOLE X = 0.0\n",
      "CI ROOT 5 -> ROOT 6 DIPOLE Y = 0.0\n",
      "CI ROOT 5 -> ROOT 6 DIPOLE Z = 0.0\n"
     ]
    },
    {
     "name": "stderr",
     "output_type": "stream",
     "text": [
      "/var/folders/hs/493lh3390kv8z7b8n8zv_p580000gp/T/ipykernel_8971/2200516553.py:19: FutureWarning: Using `psi4.core.get_variable` instead of `psi4.core.variable` (or `psi4.core.scalar_variable` for scalar variables only) is deprecated, and in 1.4 it will stop working\n",
      "\n",
      "  dipole=psi4.get_variable('CI ROOT %d -> ROOT %d DIPOLE %s'%(i,i+1,j))\n"
     ]
    }
   ],
   "source": [
    "\n",
    "#transition density matrix\n",
    "opdm_0 = wfn.get_opdm(1,4,\"SUM\", True)\n",
    "dm = opdm_0.to_array()\n",
    "print(dm)\n",
    "\n",
    "\n",
    "#two electron integral\n",
    "mints = psi4.core.MintsHelper(wfn.basisset())\n",
    "I = mints.ao_eri()\n",
    "D = I.to_array()\n",
    "print(I.np)\n",
    "\n",
    "#get transition dipole moment\n",
    "props = ['DIPOLE', 'TRANSITION_DIPOLE']\n",
    "psi4.properties('detci',properties=props)\n",
    "M = ['X','Y','Z']\n",
    "for i in range(6):\n",
    "        for j in M:\n",
    "                dipole=psi4.get_variable('CI ROOT %d -> ROOT %d DIPOLE %s'%(i,i+1,j))\n",
    "                print('CI ROOT %d -> ROOT %d DIPOLE %s = %s'%(i,i+1,j,dipole))"
   ]
  },
  {
   "cell_type": "markdown",
   "id": "d73e6b68-4374-43ca-838f-0b770978f0c1",
   "metadata": {},
   "source": [
    "Should look at 0->2 transition polarized along Y or the 0->5 transition polarized along Y\n",
    "0->2: omega = \n",
    "\n",
    "At the CASCI(10,10)/cc-pVDZ level:\n",
    "   @CI 16:     0   -383.432630675633   2.3093E-14   1.5364E-06 c\n",
    "   @CI 16:     1   -383.229174086435   -7.1054E-15   2.1810E-06 c\n",
    "   @CI 16:     2   -383.214958443052   3.5527E-15   2.5621E-06 c\n",
    "   @CI 16:     3   -383.160173307314   -1.4211E-14   2.8093E-06 c\n",
    "   @CI 16:     4   -383.150441547330   -9.3614E-11   3.6503E-06 c\n",
    "   @CI 16:     5   -383.136370898717   2.8422E-14   2.1271E-06 c\n",
    "\n",
    "\n",
    "Properties computed using the CI ROOT 0 -> ROOT 1 density matrix\n",
    "\n",
    "\n",
    "Transition Multipole Moments:\n",
    "\n",
    " ------------------------------------------------------------------------------------\n",
    "     Multipole            Electronic (a.u.)      Nuclear  (a.u.)        Total (a.u.)\n",
    " ------------------------------------------------------------------------------------\n",
    "\n",
    " L = 1.  Multiply by 2.5417464519 to convert [e a0] to [Debye]\n",
    " Dipole X            :         -0.0109742            0.0000000           -0.0109742\n",
    " Dipole Y            :          0.0000004            0.0000000            0.0000004\n",
    " Dipole Z            :          0.0000006            0.0000000            0.0000006\n",
    " Magnitude           :                                                    0.0109742\n",
    "\n",
    " ------------------------------------------------------------------------------------\n",
    "\n",
    "Properties computed using the CI ROOT 0 -> ROOT 2 density matrix\n",
    "\n",
    "\n",
    "Transition Multipole Moments:\n",
    "\n",
    " ------------------------------------------------------------------------------------\n",
    "     Multipole            Electronic (a.u.)      Nuclear  (a.u.)        Total (a.u.)\n",
    " ------------------------------------------------------------------------------------\n",
    "\n",
    " L = 1.  Multiply by 2.5417464519 to convert [e a0] to [Debye]\n",
    " Dipole X            :          0.0000053            0.0000000            0.0000053\n",
    " Dipole Y            :         -0.8601870            0.0000000           -0.8601870\n",
    " Dipole Z            :         -0.0000003            0.0000000           -0.0000003\n",
    " Magnitude           :                                                    0.8601870\n",
    "\n",
    " ------------------------------------------------------------------------------------\n",
    "\n",
    "Properties computed using the CI ROOT 0 -> ROOT 3 density matrix\n",
    "\n",
    "\n",
    "Transition Multipole Moments:\n",
    "\n",
    " ------------------------------------------------------------------------------------\n",
    "     Multipole            Electronic (a.u.)      Nuclear  (a.u.)        Total (a.u.)\n",
    " ------------------------------------------------------------------------------------\n",
    "\n",
    " L = 1.  Multiply by 2.5417464519 to convert [e a0] to [Debye]\n",
    " Dipole X            :         -0.0000005            0.0000000           -0.0000005\n",
    " Dipole Y            :          0.0000002            0.0000000            0.0000002\n",
    " Dipole Z            :          0.0000026            0.0000000            0.0000026\n",
    " Magnitude           :                                                    0.0000026\n",
    "\n",
    " ------------------------------------------------------------------------------------\n",
    "\n",
    "Properties computed using the CI ROOT 0 -> ROOT 4 density matrix\n",
    "\n",
    "\n",
    "Transition Multipole Moments:\n",
    "\n",
    " ------------------------------------------------------------------------------------\n",
    "     Multipole            Electronic (a.u.)      Nuclear  (a.u.)        Total (a.u.)\n",
    " ------------------------------------------------------------------------------------\n",
    "\n",
