{
    "molecule": {
        "only_singlets": true,
        "number_of_photons": 0,
        "number_of_electronic_states": 15,
        "max_vibrational_state": 10,
        "omega": 0,
        "basis": "6-311++G**",
        "lambda_vector": [
            0,
            0,
            0
        ],
        "target_root": 0,
        "mass_A": 1.0,
        "mass_B": 19.0,
        "qed_type": "qed-ci",
        "ci_level": "cas",
        "nact_orbs": 16,
        "nact_els": 6,
        "damping_factor": 0.5,
        "molecule_template": "\nH\nF 1 **R**\nsymmetry c1\n",
        "guess_bondlength": 0.9178507603174318
    },
    "return_results": {
        "state_1_energy": -100.13725785579294,
        "state_1_gradient": -9.287887803009972e-05,
        "state_1_equilibrium_geometry_SI": 9.178507603174319e-11,
        "state_1_equilibrium_geometry": 0.9178507603174318,
        "state_1_equilibrium_geometry_au": 1.7344865602794772,
        "state_1_we_wn": 4165.1570588584555,
        "state_1_wexe_wn": 115.73758535305562,
        "state_1_target_root": 0,
        "state_1_force_constant_au": 0.6237034964227854,
        "reduced_mass_au": 1731.7455,
        "state_2_energy": -99.54808387517976,
        "state_2_gradient": -1.564431140309901e-05,
        "state_2_equilibrium_geometry_SI": 9.750100896865223e-11,
        "state_2_equilibrium_geometry": 0.9750100896865223,
        "state_2_equilibrium_geometry_au": 1.8425020382543362,
        "state_2_we_wn": 3370.510408803543,
        "state_2_wexe_wn": 176.0443972578461,
        "franck_condon_factors": [
            0.8961001569798293,
            -0.39632988664551394,
            0.17250315637661778,
            -0.08240101136398355,
            0.044064708896759716,
            -0.026095573451474657,
            0.016697446805933037,
            -0.011113022467144048,
            0.007058207741563661,
            -0.0020230233690093006,
            0.4277466741022712,
            0.6551783574053198,
            -0.4997869935470768,
            0.2937249980278311,
            -0.17058506672675722,
            0.10388135179866798,
            -0.06680622352346678,
            0.044348978010067694,
            -0.02807242338341401,
            0.008034129928113263,
            0.11557756008421573,
            0.5921887492221927,
            0.35484781722420056,
            -0.47381666397497296,
            0.36627419385830967,
            -0.25476012296488254,
            0.1748578392639457,
            -0.11978009667988905,
            0.07688726168642812,
            -0.022097829214739458,
            0.025827320233672117,
            0.24030986954142272,
            0.6504992324746508,
            0.028544883647245535,
            -0.315391143937286,
            0.3388667405047465,
            -0.2822845046273,
            0.21336778671474962,
            -0.1437209591374165,
            0.04195782305021877,
            0.0034467420307132224,
            0.07101036821466847,
            0.3839957902245597,
            0.5796875034936343,
            -0.25288496698883134,
            -0.05530926546471978,
            0.17746706846233368,
            -0.18997326769806025,
            0.1478339231333877,
            -0.04512430420983111,
            0.0004331471217503808,
            0.013463026838794013,
            0.1497151070964925,
            0.5144818364478582,
            0.36372267788012613,
            -0.384979107142975,
            0.1970249765865885,
            -0.06173021691479754,
            0.002974215977436417,
            0.0033186547250977816,
            1.8596159487138332e-05,
            0.001960924426407743,
            0.038372996661908264,
            0.26839253143642683,
            0.5717141880947045,
            0.039763811108449135,
            -0.27893229514864665,
            0.2628012573842817,
            -0.17812465082102824,
            0.0511150897317782,
            -1.2204132353268375e-05,
            0.00013962253205650232,
            0.006999431834297971,
            0.0915398192499068,
            0.4153612194473285,
            0.4775280910348179,
            -0.25453653096978285,
            0.016194192760498355,
            0.06293239300957204,
            -0.025718771457595872,
            1.316467424454765e-05,
            -2.0006852352118378e-05,
            0.0007294943410784116,
            0.021577517406475,
            0.18995412798302108,
            0.5376809500255141,
            0.1898590621246347,
            -0.2978212373280581,
            0.1989045094805809,
            -0.05486565092741561,
            -1.078326992047969e-05,
            2.6624389547878344e-05,
            -1.5091123670189712e-06,
            0.0031264686876598976,
            0.059011581510157084,
            0.3415286881623409,
            0.5225343937328871,
            -0.17495091444974775,
            -0.018937748407867588,
            0.019176830554332464
        ],
        "state_1_overlap_matrix": [
            1.0,
            1.2972087558969819e-17,
            2.309595172358866e-17,
            1.7869602282597138e-17,
            6.210006400120896e-17,
            6.171420413189171e-19,
            -1.6861539272976087e-17,
            1.360189839058779e-17,
            1.6901640292754603e-17,
            -9.040925470397438e-17,
            1.2972087558969819e-17,
            0.9999999999999998,
            5.113638460654787e-17,
            -5.981815395073354e-17,
            1.38219280375061e-16,
            -8.645507678851918e-17,
            -1.3402849666917584e-16,
            1.6122886312588882e-16,
            -8.475208390590994e-17,
            -7.127527231362087e-17,
            2.309595172358866e-17,
            5.113638460654787e-17,
            0.9999999999999998,
            1.340978571836395e-16,
            1.7809520477847243e-17,
            -1.5811521137081264e-16,
            6.592454491989045e-17,
            5.436921846946102e-17,
            -1.195712207106961e-16,
            3.801465338431579e-17,
            1.7869602282597138e-17,
            -5.981815395073354e-17,
            1.340978571836395e-16,
            1.0,
            -5.424533307668503e-18,
            -1.1967610224928414e-16,
            1.0130428022377727e-16,
            -3.632283742107333e-17,
            5.1551483961080787e-17,
            -1.4159892130897501e-16,
            6.210006400120896e-17,
            1.38219280375061e-16,
            1.7809520477847243e-17,
            -5.424533307668503e-18,
            0.9999999999999998,
            1.4232517265190677e-16,
            -6.094349115935488e-17,
            1.2114476969867817e-16,
            -5.1419982096019556e-17,
            5.206880933361635e-17,
            6.171420413189171e-19,
            -8.645507678851918e-17,
            -1.5811521137081264e-16,
            -1.1967610224928414e-16,
            1.4232517265190677e-16,
            0.9999999999999998,
            2.1175908384652234e-16,
            -4.5306098282738017e-17,
            8.131516293641283e-18,
            1.7564075194265172e-17,
            -1.6861539272976087e-17,
            -1.3402849666917584e-16,
            6.592454491989045e-17,
            1.0130428022377727e-16,
            -6.094349115935488e-17,
            2.1175908384652234e-16,
            1.0,
            -2.710505431213761e-17,
            1.7119552303546115e-16,
            -2.0729945537922805e-16,
            1.360189839058779e-17,
            1.6122886312588882e-16,
            5.436921846946102e-17,
            -3.632283742107333e-17,
            1.2114476969867817e-16,
            -4.5306098282738017e-17,
            -2.710505431213761e-17,
            0.9999999999999998,
            -2.983724378680102e-16,
            -1.3010426069815278e-16,
            1.6901640292754603e-17,
            -8.475208390590994e-17,
            -1.195712207106961e-16,
            5.1551483961080787e-17,
            -5.1419982096019556e-17,
            8.131516293641283e-18,
            1.7119552303546115e-16,
            -2.983724378680102e-16,
            1.0000000000000002,
            -3.4694469495821726e-17,
            -9.040925470397438e-17,
            -7.127527231362087e-17,
            3.801465338431579e-17,
            -1.4159892130897501e-16,
            5.206880933361635e-17,
            1.7564075194265172e-17,
            -2.0729945537922805e-16,
            -1.3010426069815278e-16,
            -3.4694469495821726e-17,
            0.9999999999999999
        ],
        "state_2_overlap_matrix": [
            1.0000000000000002,
            -2.9938456177081574e-17,
            -2.858718226484456e-17,
            1.5496740739619567e-16,
            -1.982013024392026e-16,
            1.506262808234563e-16,
            -7.44822540299793e-17,
            7.041717748727968e-17,
            -3.5659024710805025e-18,
            9.561156978224813e-18,
            -2.9938456177081574e-17,
            1.0000000000000002,
            2.628140873865039e-16,
            -2.1080267776995383e-16,
            1.7932111009848435e-17,
            7.828278499150396e-18,
            -1.4233541466833056e-17,
            1.5532720338953209e-18,
            1.0381654128193019e-17,
            8.441852094908364e-18,
            -2.858718226484456e-17,
            2.628140873865039e-16,
            1.0,
            -1.3003649806244896e-17,
            6.938893906388538e-18,
            5.3586693608302243e-17,
            -6.01728654589677e-17,
            1.3621193767824396e-17,
            8.478752201222665e-18,
            6.2645809573090956e-18,
            1.5496740739619567e-16,
            -2.1080267776995383e-16,
            -1.3003649806244896e-17,
            1.0,
            1.051676138250769e-16,
            -2.6019301747551978e-17,
            -6.720330308993777e-17,
            1.0747169768592687e-16,
            -2.7976793589534745e-17,
            1.4375429679734388e-17,
            -1.982013024392026e-16,
            1.7932111009848435e-17,
            6.938893906388538e-18,
            1.051676138250769e-16,
            1.0000000000000002,
            -1.9649541405787188e-16,
            -1.0690791442970566e-16,
            1.710131701016114e-17,
            -2.683355547993729e-18,
            -6.977242927683376e-18,
            1.506262808234563e-16,
            7.828278499150396e-18,
            5.3586693608302243e-17,
            -2.6019301747551978e-17,
            -1.9649541405787188e-16,
            1.0000000000000004,
            -2.0813895857674392e-16,
            6.96331410055702e-17,
            3.949202608247632e-18,
            -2.1392296847662636e-19,
            -7.44822540299793e-17,
            -1.4233541466833056e-17,
            -6.01728654589677e-17,
            -6.720330308993777e-17,
            -1.0690791442970566e-16,
            -2.0813895857674392e-16,
            1.0000000000000002,
            -6.732727408034512e-18,
            -3.3228361366957355e-17,
            -7.93288706751015e-18,
            7.041717748727968e-17,
            1.5532720338953209e-18,
            1.3621193767824396e-17,
            1.0747169768592687e-16,
            1.710131701016114e-17,
            6.96331410055702e-17,
            -6.732727408034512e-18,
            1.0000000000000002,
            -2.0277291130910147e-16,
            -1.8724981959948594e-12,
            -3.5659024710805025e-18,
            1.0381654128193019e-17,
            8.478752201222665e-18,
            -2.7976793589534745e-17,
            -2.683355547993729e-18,
            3.949202608247632e-18,
            -3.3228361366957355e-17,
            -2.0277291130910147e-16,
            0.9999999999999999,
            -1.3607712963520369e-06,
            9.561156978224813e-18,
            8.441852094908364e-18,
            6.2645809573090956e-18,
            1.4375429679734388e-17,
            -6.977242927683376e-18,
            -2.1392296847662636e-19,
            -7.93288706751015e-18,
            -1.8724981959948594e-12,
            -1.3607712963520369e-06,
            1.0
        ],
        "maximum_franck_condon_factor": [
            10,
            10
        ],
        "state_1_turning_points (Bohr)": [
            -0.17443532486077318,
            0.17443532486077318
        ],
        "huang_rhys_factors": [
            0.191722512212445,
            0.191722512212445
        ],
        "huang_rhys_factor_2": 0.19172251221244496,
        "state_1_turning_points (Angstroms)": [
            -0.09230719869278269,
            0.09230719869278269
        ],
        "Delta X": 0.108015477974859
    }
}