{
    "molecule": {
        "only_singlets": true,
        "number_of_photons": 0,
        "number_of_electronic_states": 15,
        "max_vibrational_state": 10,
        "omega": 0,
        "basis": "6-311++G**",
        "lambda_vector": [
            0,
            0,
            0
        ],
        "target_root": 0,
        "mass_A": 1.0,
        "mass_B": 19.0,
        "qed_type": "qed-ci",
        "ci_level": "cas",
        "nact_orbs": 16,
        "nact_els": 6,
        "damping_factor": 0.5,
        "molecule_template": "\nH\nF 1 **R**\nsymmetry c1\n",
        "guess_bondlength": 0.9178507603174318
    },
    "return_results": {
        "state_1_energy": -100.13725785579294,
        "state_1_gradient": -9.287887803009972e-05,
        "state_1_equilibrium_geometry_SI": 9.178507603174319e-10,
        "state_1_equilibrium_geometry": 0.9178507603174318,
        "state_1_we_wn": 4165.1570588584555,
        "state_1_wexe_wn": 115.73758535305562,
        "state_1_target_root": 0,
        "state_2_energy": -99.54808387517976,
        "state_2_gradient": -1.564431140309901e-05,
        "state_2_equilibrium_geometry_SI": 9.750100896865222e-10,
        "state_2_equilibrium_geometry": 0.9750100896865223,
        "state_2_we_wn": 3370.510408803543,
        "state_2_wexe_wn": 176.0443972578461,
        "franck_condon_factors": [
            1.0790580885176142,
            -0.1491835268278429,
            -0.13554327046526551,
            0.13664068064522425,
            -0.08308581648749096,
            0.04076659072105707,
            -0.016678058015379728,
            0.005152963731664686,
            -0.0007144032950023306,
            -0.000110866024408722,
            0.11344495903966241,
            0.9810383151441741,
            -0.3983160799916539,
            -0.041896716515635396,
            0.17751231263031184,
            -0.17089387829140754,
            0.1275928880494509,
            -0.08618059102288746,
            0.053072724656294215,
            -0.02331504178916232,
            0.22486052259028247,
            0.2759340519738453,
            0.7386187730765511,
            -0.6008426048264671,
            0.2094548007016094,
            0.035904947501082,
            -0.12901928127604448,
            0.1377022946485276,
            -0.10604569806564046,
            0.05030559525841069,
            -0.021930998489096677,
            0.3931457162386428,
            0.37325371562821363,
            0.36064675968028787,
            -0.5905766397953648,
            0.4373710109297509,
            -0.23181115193836951,
            0.09338039938394595,
            -0.026640910821752677,
            0.005946922119049009,
            0.055841652123852344,
            0.029031887270108823,
            0.5547054515809207,
            0.31230717453758433,
            -0.02770411814453424,
            -0.30647177197206804,
            0.3919027123785132,
            -0.3330813856757028,
            0.22750813113655804,
            -0.10319741242623978,
            -0.026522815564101875,
            0.10856926278048526,
            0.14335937213461225,
            0.6527421781142764,
            0.0594405957108303,
            -0.20540705427414782,
            0.05276662735691607,
            0.07396817063588576,
            -0.10386444701319111,
            0.05660497668697008,
            0.022141255335340126,
            -0.03421338096160301,
            0.1856126445387224,
            0.30021101197202504,
            0.5919570927181464,
            -0.2731634245278485,
            -0.03787917980142576,
            0.11891424518553509,
            -0.09415763732502716,
            0.043062470950074636,
            -0.01590430032119318,
            0.03921563998203439,
            -0.01791882422996011,
            0.3036742163186259,
            0.43127930812898513,
            0.31097165231778945,
            -0.4139316665215958,
            0.25159800061091175,
            -0.11667409336521274,
            0.04301765392756311,
            0.012229689685758494,
            -0.027482679987417175,
            0.05693596760824268,
            0.038360546042036855,
            0.45910337244333105,
            0.4156024248250453,
            -0.08193364459667737,
            -0.17162920467705942,
            0.1936075866598447,
            -0.09819642073532232,
            -0.009544793977806037,
            0.02221457113728575,
            -0.03449418009829953,
            0.08348988313296223,
            0.15331165929082743,
            0.5920534290323514,
            0.15448413778508358,
            -0.2501973068283779,
            0.1385030956215553,
            -0.052122003924079514
        ],
        "state_1_overlap_matrix": [
            1.0,
            6.049885974253945e-16,
            4.1403499857382235e-16,
            -9.738710489079483e-16,
            3.370716791621653e-16,
            7.493531077769344e-16,
            -1.220364412822527e-15,
            8.181880872685335e-16,
            -2.4181774204485705e-16,
            -3.7662896481286785e-16,
            6.049885974253945e-16,
            0.9999999999999997,
            -6.9513283475729215e-16,
            -1.1322865388352366e-15,
            1.0184453107242586e-15,
            -2.0556473190324765e-16,
            -3.029260869922646e-16,
            4.658274634151522e-16,
            -1.797065098980045e-16,
            -2.4380992201188146e-17,
            4.1403499857382235e-16,
            -6.9513283475729215e-16,
            0.9999999999999999,
            1.678344963007562e-16,
            -4.469081354985157e-16,
            2.1944251971161485e-16,
            2.576064362080895e-16,
            -4.584006775946632e-16,
            2.7365265480675253e-16,
            3.068349678176112e-17,
            -9.738710489079483e-16,
            -1.1322865388352366e-15,
            1.678344963007562e-16,
            1.0000000000000002,
            -4.4061976289718446e-16,
            4.163336342892712e-16,
            5.065392575411772e-16,
            -5.238863962581491e-16,
            3.1051816227888643e-16,
            -3.7811177611006847e-16,
            3.370716791621653e-16,
            1.0184453107242586e-15,
            -4.469081354985157e-16,
            -4.4061976289718446e-16,
            1.0,
            3.8857806280292135e-16,
            3.3306710276370144e-16,
            7.355299142644615e-16,
            -1.6234969776326996e-15,
            1.7842850924614383e-15,
            7.493531077769344e-16,
            -2.0556473190324765e-16,
            2.1944251971161485e-16,
            4.163336342892712e-16,
            3.8857806280292135e-16,
            0.9999999999999998,
            1.4710571599204045e-15,
            -1.3595952147219805e-15,
            8.379632583812107e-16,
            -1.7305093710402767e-15,
            -1.220364412822527e-15,
            -3.029260869922646e-16,
            2.576064362080895e-16,
            5.065392575411772e-16,
            3.3306710276370144e-16,
            1.4710571599204045e-15,
            1.0,
            1.574429596505153e-15,
            -2.476466664951461e-15,
            1.7566865829121372e-15,
            8.181880872685335e-16,
            4.658274634151522e-16,
            -4.584006775946632e-16,
            -5.238863962581491e-16,
            7.355299142644615e-16,
            -1.3595952147219805e-15,
            1.574429596505153e-15,
            1.0000000000000002,
            1.424628529756753e-15,
            -2.303991136577869e-15,
            -2.4181774204485705e-16,
            -1.797065098980045e-16,
            2.7365265480675253e-16,
            3.1051816227888643e-16,
            -1.6234969776326996e-15,
            8.379632583812107e-16,
            -2.476466664951461e-15,
            1.424628529756753e-15,
            0.9999999999999997,
            2.088375301353363e-15,
            -3.7662896481286785e-16,
            -2.4380992201188146e-17,
            3.068349678176112e-17,
            -3.7811177611006847e-16,
            1.7842850924614383e-15,
            -1.7305093710402767e-15,
            1.7566865829121372e-15,
            -2.303991136577869e-15,
            2.088375301353363e-15,
            0.9999999999999998
        ],
        "state_2_overlap_matrix": [
            1.2333146639927062,
            1.092529497816707e-11,
            -2.2879233196062484e-11,
            3.8908970528714685e-11,
            -5.669571568359589e-11,
            7.252773664803231e-11,
            -8.201598749922867e-11,
            8.088544672577022e-11,
            -6.49068054956489e-11,
            3.161619231653647e-11,
            1.092529497816707e-11,
            1.2333146639927068,
            6.78872502261732e-11,
            -1.1545509520844574e-10,
            1.6824268024368371e-10,
            -2.1523244724880134e-10,
            2.433965273238466e-10,
            -2.4004540660473733e-10,
            1.9262734867606565e-10,
            -9.382927224277779e-11,
            -2.2879233196062484e-11,
            6.78872502261732e-11,
            1.2333146639927104,
            2.418253129211706e-10,
            -3.5240346798952707e-10,
            4.5083750204788123e-10,
            -5.098398151605955e-10,
            5.028271192355532e-10,
            -4.0350322300110223e-10,
            1.965482106593471e-10,
            3.8908970528714685e-11,
            -1.1545509520844574e-10,
            2.418253129211706e-10,
            1.2333146639927064,
            5.993978880551285e-10,
            -7.668432896684819e-10,
            8.672199637364626e-10,
            -8.553039393684628e-10,
            6.863610841097591e-10,
            -3.3433054040473156e-10,
            -5.669571568359589e-11,
            1.6824268024368371e-10,
            -3.5240346798952707e-10,
            5.993978880551285e-10,
            1.233314663992705,
            1.1175708556346453e-09,
            -1.2638783022001117e-09,
            1.2465293043378758e-09,
            -1.0003186189534025e-09,
            4.87260761253272e-10,
            7.252773664803231e-11,
            -2.1523244724880134e-10,
            4.5083750204788123e-10,
            -7.668432896684819e-10,
            1.1175708556346453e-09,
            1.2333146639927097,
            1.6170389943509153e-09,
            -1.5948578477829878e-09,
            1.2796997710638747e-09,
            -6.300690850134794e-10,
            -8.201598749922867e-11,
            2.433965273238466e-10,
            -5.098398151605955e-10,
            8.672199637364626e-10,
            -1.2638783022001117e-09,
            1.6170389943509153e-09,
            1.2333146639927077,
            1.8028287890325956e-09,
            -1.765628074301695e-09,
            -1.3938776938227093e-08,
            8.088544672577022e-11,
            -2.4004540660473733e-10,
            5.028271192355532e-10,
            -8.553039393684628e-10,
            1.2465293043378758e-09,
            -1.5948578477829878e-09,
            1.8028287890325956e-09,
            1.2333146639927073,
            -3.451964160627874e-07,
            -1.7784333313120015e-05,
            -6.49068054956489e-11,
            1.9262734867606565e-10,
            -4.0350322300110223e-10,
            6.863610841097591e-10,
            -1.0003186189534025e-09,
            1.2796997710638747e-09,
            -1.765628074301695e-09,
            -3.451964160627874e-07,
            1.2333146639927062,
            -0.009749097496526027,
            3.161619231653647e-11,
            -9.382927224277779e-11,
            1.965482106593471e-10,
            -3.3433054040473156e-10,
            4.87260761253272e-10,
            -6.300690850134794e-10,
            -1.3938776938227093e-08,
            -1.7784333313120015e-05,
            -0.009749097496526027,
            1.2333146639927075
        ],
        "maximum_franck_condon_factor": [
            10,
            10
        ]
    }
}
