{
    "molecule": {
        "only_singlets": true,
        "number_of_photons": 0,
        "number_of_electronic_states": 13,
        "max_vibrational_state": 10,
        "omega": 0,
        "basis": "6-311++G**",
        "lambda_vector": [
            0,
            0,
            0
        ],
        "target_root": 0,
        "mass_A": 1.0,
        "mass_B": 19.0,
        "qed_type": "qed-ci",
        "ci_level": "cas",
        "nact_orbs": 16,
        "nact_els": 6,
        "damping_factor": 0.5,
        "molecule_template": "\nH\nF 1 **R**\nsymmetry c1\n",
        "guess_bondlength": 0.9179252177737519
    },
    "return_results": {
        "state_1_energy": -100.13725786268864,
        "state_1_gradient": -5.1460575863760435e-06,
        "state_1_equilibrium_geometry_SI": 9.179252177737519e-11,
        "state_1_equilibrium_geometry": 0.9179252177737519,
        "state_1_equilibrium_geometry_au": 1.7346272644798584,
        "state_1_we_wn": 4163.9726842198015,
        "state_1_wexe_wn": 115.77053370639558,
        "state_1_target_root": 0,
        "state_1_force_constant_au": 0.6233488430125025,
        "reduced_mass_au": 1731.7455,
        "state_2_energy": -99.6424848012358,
        "state_2_gradient": 5.199609190251157e-06,
        "state_2_equilibrium_geometry_SI": 1.1676910138903606e-10,
        "state_2_equilibrium_geometry": 1.1676910138903607,
        "state_2_equilibrium_geometry_au": 2.2066162144393675,
        "state_2_we_wn": 2907.4046940720036,
        "state_2_wexe_wn": 135.0210102890077,
        "franck_condon_factors": [
            0.042647933497975306,
            0.0757093018152551,
            0.08781981399343615,
            0.08495776785526847,
            0.07449804672796666,
            0.061299548548872144,
            0.047873029820800966,
            0.03524617239636394,
            0.023645540062094468,
            0.012905857054560778,
            0.2099070965331302,
            0.1761389237743018,
            0.0948500669419486,
            0.03975370686164082,
            0.013026760132138888,
            0.0028917811454491483,
            0.0002085547401525393,
            7.18360757444777e-05,
            0.00035520354680805446,
            0.00037412830147156635,
            0.36617286613063055,
            0.04251662810007625,
            0.003426768734504098,
            0.03181721655428613,
            0.04507734540404487,
            0.041695479214053206,
            0.031938854360101854,
            0.021876150403252664,
            0.01352299907045977,
            0.006918612975352682,
            0.2784954306211567,
            0.07302419634460905,
            0.12798851945803993,
            0.056647031276439185,
            0.011578756934054139,
            0.00022232239653293147,
            0.0015204379494193061,
            0.004043991492255456,
            0.004588869130481788,
            0.0032067776978595944,
            0.09148549337238629,
            0.337161007446733,
            0.011781628151542175,
            0.029203733216282685,
            0.05838652108103942,
            0.04755758480856534,
            0.02812612284868701,
            0.014133107147415678,
            0.006409255629468417,
            0.0025516763984329708,
            0.010998709503449807,
            0.24440693137289515,
            0.17905640382429477,
            0.10086800436059762,
            0.007386034791822711,
            0.003605840282698615,
            0.015030047786790351,
            0.01818247205830551,
            0.014629192512406927,
            0.008492686730845803,
            0.00029242357666891123,
            0.049033415070407635,
            0.3623203890593634,
            0.027826030110460122,
            0.1030378746910467,
            0.056074589310076424,
            0.01589874361013575,
            0.0022020105883808444,
            1.1631266612442633e-05,
            0.00016382793760886887,
            4.52465205210751e-08,
            0.0020081044108937927,
            0.12486029225804564,
            0.37080554966453433,
            0.008247243417681837,
            0.030159165663584005,
            0.0498833407354328,
            0.036502079758802326,
            0.019956217142806595,
            0.008809204672635152,
            1.3988836284153458e-09,
            1.4874564030015743e-06,
            0.007879801341570921,
            0.2348602746668057,
            0.26615419700317683,
            0.07552878854191745,
            0.0008876184228278123,
            0.007068974751579294,
            0.01271253984412816,
            0.009409724762222894,
            1.0162245934219808e-10,
            3.4070299873474954e-09,
            1.6313576241565357e-05,
            0.023152463067037034,
            0.3556652308018468,
            0.11460185484588781,
            0.1141825745003877,
            0.035699461745900864,
            0.006468288113405914,
            0.000659266066095807
        ],
        "state_1_overlap_matrix": [
            1.0,
            -9.777613841847036e-17,
            -1.371735794455194e-16,
            1.4701306715486136e-16,
            5.330027427481619e-18,
            6.363715476163237e-17,
            -8.949615326599802e-18,
            6.079068881190904e-17,
            -1.0047030269398028e-16,
            5.707273127766778e-18,
            -9.777613841847036e-17,
            1.0,
            4.733807701617154e-18,
            5.2490304479436344e-17,
            2.0152412279395464e-16,
            -2.262338078455489e-16,
            -1.3889065588286005e-18,
            1.762099749370116e-16,
            -1.8551225464891718e-16,
            8.473873941467793e-18,
            -1.371735794455194e-16,
            4.733807701617154e-18,
            1.0,
            2.814386948410859e-16,
            1.5031963340277884e-16,
            -1.7677496411080368e-16,
            1.0984369954339345e-16,
            9.887005311715622e-17,
            -9.730505386798549e-17,
            3.1384529459462353e-17,
            1.4701306715486136e-16,
            5.2490304479436344e-17,
            2.814386948410859e-16,
            1.0000000000000002,
            -1.8127233083238893e-16,
            7.16935618329573e-17,
            -2.951038965432341e-17,
            1.0045757814876799e-16,
            -5.179161780162738e-17,
            -9.133513918595758e-17,
            5.330027427481619e-18,
            2.0152412279395464e-16,
            1.5031963340277884e-16,
            -1.8127233083238893e-16,
            1.0,
            -4.818867051625261e-17,
            -5.873019406817939e-17,
            9.013192888438284e-17,
            -9.850993176567513e-18,
            1.1329235076115718e-16,
            6.363715476163237e-17,
            -2.262338078455489e-16,
            -1.7677496411080368e-16,
            7.16935618329573e-17,
            -4.818867051625261e-17,
            0.9999999999999999,
            9.839897044958482e-17,
            -1.36501053515925e-16,
            2.450839010903483e-16,
            -9.600610237359142e-17,
            -8.949615326599802e-18,
            -1.3889065588286005e-18,
            1.0984369954339345e-16,
            -2.951038965432341e-17,
            -5.873019406817939e-17,
            9.839897044958482e-17,
            0.9999999999999998,
            1.5363144784119598e-16,
            -3.5236570605778894e-17,
            -2.9316826744008e-16,
            6.079068881190904e-17,
            1.762099749370116e-16,
            9.887005311715622e-17,
            1.0045757814876799e-16,
            9.013192888438284e-17,
            -1.36501053515925e-16,
            1.5363144784119598e-16,
            1.0,
            -4.397524011601199e-16,
            5.204170427942018e-17,
            -1.0047030269398028e-16,
            -1.8551225464891718e-16,
            -9.730505386798549e-17,
            -5.179161780162738e-17,
            -9.850993176567513e-18,
            2.450839010903483e-16,
            -3.5236570605778894e-17,
            -4.397524011601199e-16,
            1.0,
            -6.9388938783940754e-18,
            5.707273127766778e-18,
            8.473873941467793e-18,
            3.1384529459462353e-17,
            -9.133513918595758e-17,
            1.1329235076115718e-16,
            -9.600610237359142e-17,
            -2.9316826744008e-16,
            5.204170427942018e-17,
            -6.9388938783940754e-18,
            0.9999999999999999
        ],
        "state_2_overlap_matrix": [
            1.0,
            1.0624546015647503e-17,
            -9.371572528421579e-18,
            1.1080546202801857e-16,
            -3.4870652372561104e-17,
            1.5165277888268378e-17,
            6.483190184707801e-17,
            -6.614988114915008e-17,
            4.362570603572085e-17,
            -4.004632271163542e-17,
            1.0624546015647503e-17,
            1.0000000000000002,
            3.6402087941200855e-17,
            -5.63785129690939e-18,
            -1.7347234723281875e-18,
            5.0090140953455066e-17,
            4.8518107372849044e-17,
            -5.941060586070823e-17,
            2.591889281516743e-17,
            -9.290402397759655e-18,
            -9.371572528421579e-18,
            3.6402087941200855e-17,
            1.0000000000000002,
            -6.76542155548511e-17,
            -9.0205618767618e-17,
            1.7347554102933316e-17,
            2.751757266869282e-17,
            -5.868361033776782e-17,
            3.5443593994676386e-17,
            -6.048503493828399e-17,
            1.1080546202801857e-16,
            -5.63785129690939e-18,
            -6.76542155548511e-17,
            1.0,
            1.3878499124933548e-17,
            9.72597118762562e-17,
            1.8940508651440498e-17,
            -4.030741368924729e-17,
            5.639878614843249e-17,
            -2.5333346054045323e-17,
            -3.4870652372561104e-17,
            -1.7347234723281875e-18,
            -9.0205618767618e-17,
            1.3878499124933548e-17,
            0.9999999999999998,
            2.819496537310217e-17,
            4.6575625081967833e-17,
            5.5331536571843784e-17,
            -4.756970053573374e-17,
            3.140361513990746e-17,
            1.5165277888268378e-17,
            5.0090140953455066e-17,
            1.7347554102933316e-17,
            9.72597118762562e-17,
            2.819496537310217e-17,
            0.9999999999999997,
            1.105609193552977e-16,
            -2.7787595576808037e-17,
            8.184210903985785e-17,
            -2.6209561815877504e-17,
            6.483190184707801e-17,
            4.8518107372849044e-17,
            2.751757266869282e-17,
            1.8940508651440498e-17,
            4.6575625081967833e-17,
            1.105609193552977e-16,
            1.0,
            1.1657994040107978e-17,
            -9.570670269651662e-17,
            3.592160850187081e-17,
            -6.614988114915008e-17,
            -5.941060586070823e-17,
            -5.868361033776782e-17,
            -4.030741368924729e-17,
            5.5331536571843784e-17,
            -2.7787595576808037e-17,
            1.1657994040107978e-17,
            1.0000000000000002,
            -3.132158432356952e-17,
            -7.548757625930325e-17,
            4.362570603572085e-17,
            2.591889281516743e-17,
            3.5443593994676386e-17,
            5.639878614843249e-17,
            -4.756970053573374e-17,
            8.184210903985785e-17,
            -9.570670269651662e-17,
            -3.132158432356952e-17,
            0.9999999999999997,
            -3.94692958871623e-15,
            -4.004632271163542e-17,
            -9.290402397759655e-18,
            -6.048503493828399e-17,
            -2.5333346054045323e-17,
            3.140361513990746e-17,
            -2.6209561815877504e-17,
            3.592160850187081e-17,
            -7.548757625930325e-17,
            -3.94692958871623e-15,
            1.0000000000000002
        ],
        "maximum_franck_condon_factor": [
            10,
            10
        ],
        "state_1_turning_points (Bohr)": [
            -0.17446013074950353,
            0.17446013074950353
        ],
        "huang_rhys_factors": [
            3.6596645526912206,
            3.6596645526912206
        ],
        "huang_rhys_factor_2": 3.6596645526912193,
        "state_1_turning_points (Angstroms)": [
            -0.09232032540379498,
            0.09232032540379498
        ],
        "Delta X": 0.47198894995950913
    }
}