{
    "molecule": {
        "only_singlets": true,
        "number_of_photons": 0,
        "number_of_electronic_states": 15,
        "max_vibrational_state": 10,
        "omega": 0,
        "basis": "6-311++G**",
        "lambda_vector": [
            0,
            0,
            0
        ],
        "target_root": 0,
        "mass_A": 1.0,
        "mass_B": 19.0,
        "qed_type": "qed-ci",
        "ci_level": "cas",
        "nact_orbs": 16,
        "nact_els": 6,
        "damping_factor": 0.5,
        "molecule_template": "\nH\nF 1 **R**\nsymmetry c1\n",
        "guess_bondlength": 0.9178507603174318
    },
    "return_results": {
        "state_1_energy": -100.13725785579294,
        "state_1_gradient": -9.287887803009972e-05,
        "state_1_equilibrium_geometry_SI": 9.178507603174319e-11,
        "state_1_equilibrium_geometry": 0.9178507603174318,
        "state_1_equilibrium_geometry_au": 1.7344865602794772,
        "state_1_we_wn": 4165.1570588584555,
        "state_1_wexe_wn": 115.73758535305562,
        "state_1_target_root": 0,
        "state_1_force_constant_au": 0.6237034964227854,
        "reduced_mass_au": 1731.7455,
        "state_2_energy": -99.54808387517976,
        "state_2_gradient": -1.564431140309901e-05,
        "state_2_equilibrium_geometry_SI": 9.750100896865223e-11,
        "state_2_equilibrium_geometry": 0.9750100896865223,
        "state_2_equilibrium_geometry_au": 1.8425020382543362,
        "state_2_we_wn": 3370.510408803543,
        "state_2_wexe_wn": 176.0443972578461,
        "franck_condon_factors": [
            0.8029954913392746,
            0.15707737904844593,
            0.029757338959895848,
            0.006789926673807346,
            0.0019416985701561748,
            0.0006809789537613089,
            0.0002788047298369634,
            0.00012349926835524837,
            4.981829652306919e-05,
            4.092623551557741e-06,
            0.1829672172055546,
            0.429258680012333,
            0.24978703891882578,
            0.08627437446644938,
            0.02909926499017221,
            0.010791335251518618,
            0.0044630715014674065,
            0.0019668318505374678,
            0.0007880609546176497,
            6.454724370180521e-05,
            0.013358172395020497,
            0.350687514705345,
            0.12591697338877963,
            0.22450223106037245,
            0.13415678508655463,
            0.06490272025308207,
            0.030575263952055877,
            0.014347271560643568,
            0.0059116510096372775,
            0.0004883140560037927,
            0.0006670504704526491,
            0.057748833399015605,
            0.4231492514501098,
            0.0008148103824347856,
            0.09947157367406986,
            0.11483066782031122,
            0.07968454155268015,
            0.04552581240755089,
            0.020655714095378943,
            0.0017604589151134697,
            1.1880030626285108e-05,
            0.005042472393982798,
            0.14745276691018405,
            0.3360376017066823,
            0.06395080652894232,
            0.0030591148462468442,
            0.03149456038861463,
            0.03608984243987886,
            0.021854868829008382,
            0.0020362028304213814,
            1.8761642908063923e-07,
            0.00018125309166208792,
            0.022414613292914217,
            0.2646915600347607,
            0.13229418640429,
            0.14820891293660224,
            0.038818841398945744,
            0.0038106196803479563,
            8.845960680438062e-06,
            1.1013469184413832e-05,
            3.45817147671085e-10,
            3.845224606082536e-06,
            0.0014724868728148227,
            0.07203455093085337,
            0.3268571128687872,
            0.0015811606738684227,
            0.07780322527689172,
            0.06906450088275946,
            0.031728391230113236,
            0.0026127523982877373,
            1.489408464960919e-10,
            1.9494451457869017e-08,
            4.899204600298387e-05,
            0.008379538508305607,
            0.17252494262077178,
            0.22803307772735734,
            0.06478884559813122,
            0.00026225187916417735,
            0.003960486089911232,
            0.0006614552052880481,
            1.7330864796505624e-10,
            4.0027414103946467e-10,
            5.32161993665426e-07,
            0.00046558925742673166,
            0.036082570737789955,
            0.2891008040203394,
            0.03604646347084589,
            0.0886974894036155,
            0.03956300389171049,
            0.0030102396516890214,
            1.1627891017792205e-10,
            7.088581187971736e-10,
            2.277420136289602e-12,
            9.774806454917802e-06,
            0.0034823667523299134,
            0.11664184483788949,
            0.2730421926337959,
            0.030607822466802957,
            0.00035863831475969134,
            0.0003677508301095792
        ],
        "state_1_overlap_matrix": [
            1.0,
            1.2972087558969819e-17,
            2.309595172358866e-17,
            1.7869602282597138e-17,
            6.210006400120896e-17,
            6.171420413189171e-19,
            -1.6861539272976087e-17,
            1.360189839058779e-17,
            1.6901640292754603e-17,
            -9.040925470397438e-17,
            1.2972087558969819e-17,
            0.9999999999999998,
            5.113638460654787e-17,
            -5.981815395073354e-17,
            1.38219280375061e-16,
            -8.645507678851918e-17,
            -1.3402849666917584e-16,
            1.6122886312588882e-16,
            -8.475208390590994e-17,
            -7.127527231362087e-17,
            2.309595172358866e-17,
            5.113638460654787e-17,
            0.9999999999999998,
            1.340978571836395e-16,
            1.7809520477847243e-17,
            -1.5811521137081264e-16,
            6.592454491989045e-17,
            5.436921846946102e-17,
            -1.195712207106961e-16,
            3.801465338431579e-17,
            1.7869602282597138e-17,
            -5.981815395073354e-17,
            1.340978571836395e-16,
            1.0,
            -5.424533307668503e-18,
            -1.1967610224928414e-16,
            1.0130428022377727e-16,
            -3.632283742107333e-17,
            5.1551483961080787e-17,
            -1.4159892130897501e-16,
            6.210006400120896e-17,
            1.38219280375061e-16,
            1.7809520477847243e-17,
            -5.424533307668503e-18,
            0.9999999999999998,
            1.4232517265190677e-16,
            -6.094349115935488e-17,
            1.2114476969867817e-16,
            -5.1419982096019556e-17,
            5.206880933361635e-17,
            6.171420413189171e-19,
            -8.645507678851918e-17,
            -1.5811521137081264e-16,
            -1.1967610224928414e-16,
            1.4232517265190677e-16,
            0.9999999999999998,
            2.1175908384652234e-16,
            -4.5306098282738017e-17,
            8.131516293641283e-18,
            1.7564075194265172e-17,
            -1.6861539272976087e-17,
            -1.3402849666917584e-16,
            6.592454491989045e-17,
            1.0130428022377727e-16,
            -6.094349115935488e-17,
            2.1175908384652234e-16,
            1.0,
            -2.710505431213761e-17,
            1.7119552303546115e-16,
            -2.0729945537922805e-16,
            1.360189839058779e-17,
            1.6122886312588882e-16,
            5.436921846946102e-17,
            -3.632283742107333e-17,
            1.2114476969867817e-16,
            -4.5306098282738017e-17,
            -2.710505431213761e-17,
            0.9999999999999998,
            -2.983724378680102e-16,
            -1.3010426069815278e-16,
            1.6901640292754603e-17,
            -8.475208390590994e-17,
            -1.195712207106961e-16,
            5.1551483961080787e-17,
            -5.1419982096019556e-17,
            8.131516293641283e-18,
            1.7119552303546115e-16,
            -2.983724378680102e-16,
            1.0000000000000002,
            -3.4694469495821726e-17,
            -9.040925470397438e-17,
            -7.127527231362087e-17,
            3.801465338431579e-17,
            -1.4159892130897501e-16,
            5.206880933361635e-17,
            1.7564075194265172e-17,
            -2.0729945537922805e-16,
            -1.3010426069815278e-16,
            -3.4694469495821726e-17,
            0.9999999999999999
        ],
        "state_2_overlap_matrix": [
            1.0000000000000002,
            -2.9938456177081574e-17,
            -2.858718226484456e-17,
            1.5496740739619567e-16,
            -1.982013024392026e-16,
            1.506262808234563e-16,
            -7.44822540299793e-17,
            7.041717748727968e-17,
            -3.5659024710805025e-18,
            9.561156978224813e-18,
            -2.9938456177081574e-17,
            1.0000000000000002,
            2.628140873865039e-16,
            -2.1080267776995383e-16,
            1.7932111009848435e-17,
            7.828278499150396e-18,
            -1.4233541466833056e-17,
            1.5532720338953209e-18,
            1.0381654128193019e-17,
            8.441852094908364e-18,
            -2.858718226484456e-17,
            2.628140873865039e-16,
            1.0,
            -1.3003649806244896e-17,
            6.938893906388538e-18,
            5.3586693608302243e-17,
            -6.01728654589677e-17,
            1.3621193767824396e-17,
            8.478752201222665e-18,
            6.2645809573090956e-18,
            1.5496740739619567e-16,
            -2.1080267776995383e-16,
            -1.3003649806244896e-17,
            1.0,
            1.051676138250769e-16,
            -2.6019301747551978e-17,
            -6.720330308993777e-17,
            1.0747169768592687e-16,
            -2.7976793589534745e-17,
            1.4375429679734388e-17,
            -1.982013024392026e-16,
            1.7932111009848435e-17,
            6.938893906388538e-18,
            1.051676138250769e-16,
            1.0000000000000002,
            -1.9649541405787188e-16,
            -1.0690791442970566e-16,
            1.710131701016114e-17,
            -2.683355547993729e-18,
            -6.977242927683376e-18,
            1.506262808234563e-16,
            7.828278499150396e-18,
            5.3586693608302243e-17,
            -2.6019301747551978e-17,
            -1.9649541405787188e-16,
            1.0000000000000004,
            -2.0813895857674392e-16,
            6.96331410055702e-17,
            3.949202608247632e-18,
            -2.1392296847662636e-19,
            -7.44822540299793e-17,
            -1.4233541466833056e-17,
            -6.01728654589677e-17,
            -6.720330308993777e-17,
            -1.0690791442970566e-16,
            -2.0813895857674392e-16,
            1.0000000000000002,
            -6.732727408034512e-18,
            -3.3228361366957355e-17,
            -7.93288706751015e-18,
            7.041717748727968e-17,
            1.5532720338953209e-18,
            1.3621193767824396e-17,
            1.0747169768592687e-16,
            1.710131701016114e-17,
            6.96331410055702e-17,
            -6.732727408034512e-18,
            1.0000000000000002,
            -2.0277291130910147e-16,
            -1.8724981959948594e-12,
            -3.5659024710805025e-18,
            1.0381654128193019e-17,
            8.478752201222665e-18,
            -2.7976793589534745e-17,
            -2.683355547993729e-18,
            3.949202608247632e-18,
            -3.3228361366957355e-17,
            -2.0277291130910147e-16,
            0.9999999999999999,
            -1.3607712963520369e-06,
            9.561156978224813e-18,
            8.441852094908364e-18,
            6.2645809573090956e-18,
            1.4375429679734388e-17,
            -6.977242927683376e-18,
            -2.1392296847662636e-19,
            -7.93288706751015e-18,
            -1.8724981959948594e-12,
            -1.3607712963520369e-06,
            1.0
        ],
        "maximum_franck_condon_factor": [
            10,
            10
        ],
        "state_1_turning_points (Bohr)": [
            -0.17443532486077318,
            0.17443532486077318
        ],
        "huang_rhys_factors": [
            0.191722512212445,
            0.191722512212445
        ],
        "huang_rhys_factor_2": 0.19172251221244496,
        "state_1_turning_points (Angstroms)": [
            -0.09230719869278269,
            0.09230719869278269
        ],
        "Delta X": 0.108015477974859
    }
}
