{
    "molecule": {
        "only_singlets": true,
        "number_of_photons": 0,
        "number_of_electronic_states": 5,
        "max_vibrational_state": 10,
        "omega": 0,
        "basis": "6-311++G**",
        "lambda_vector": [
            0,
            0,
            0
        ],
        "target_root": 0,
        "mass_A": 23.985041689,
        "mass_B": 1.0,
        "qed_type": "qed-ci",
        "ci_level": "cas",
        "nact_orbs": 12,
        "nact_els": 8,
        "damping_factor": 0.5,
        "molecule_template": "\nMg\nH 1 **R**\n1 1\nsymmetry c1\n",
        "guess_bondlength": 1.6924833402637953
    },
    "return_results": {
        "state_1_energy": -199.9055248779372,
        "state_1_gradient": 0.0014819411531106059,
        "state_1_equilibrium_geometry_SI": 1.6924833402637953e-10,
        "state_1_equilibrium_geometry": 1.6924833402637953,
        "state_1_equilibrium_geometry_au": 3.1983299835903805,
        "state_1_we_wn": 1596.9337804367146,
        "state_1_wexe_wn": 33.96616693610051,
        "state_1_target_root": 0,
        "state_1_force_constant_au": 0.09264586136111329,
        "reduced_mass_au": 1749.9307461116005,
        "state_2_energy": -199.747741025148,
        "state_2_gradient": 0.0003872079982841445,
        "state_2_equilibrium_geometry_SI": 2.0158418192131774e-10,
        "state_2_equilibrium_geometry": 2.0158418192131773,
        "state_2_equilibrium_geometry_au": 3.80938894888028,
        "state_2_we_wn": 1209.2339755253606,
        "state_2_wexe_wn": 12.010830335564146,
        "franck_condon_factors": [
            0.14493162435020557,
            0.23472854205412505,
            0.2262327766781351,
            0.16819234896080548,
            0.10641276930126187,
            0.0602226995848693,
            0.03138642612423072,
            0.015343513708971043,
            0.007121519937440414,
            0.0031636245929030256,
            0.3613406293070711,
            0.11529649664622481,
            0.00015350621139691276,
            0.046463872087797314,
            0.10513466306117325,
            0.11852310016833054,
            0.0981101618810568,
            0.06770140800441495,
            0.04133180740185855,
            0.023074929684546556,
            0.33501603860640466,
            0.032152169810410414,
            0.15257550590481597,
            0.06785665165567871,
            0.001301364147370637,
            0.02239441019006708,
            0.06616371277117694,
            0.08663490834122299,
            0.08053289917943596,
            0.06136955028022139,
            0.13640199002244208,
            0.3064658550978604,
            0.012259544920906125,
            0.06298492592570479,
            0.09813859278326464,
            0.03438107242776238,
            5.189873840265127e-05,
            0.019532138956590714,
            0.052123033264260085,
            0.06878321625260064,
            0.021627058780676837,
            0.2564533298719657,
            0.1947881542766735,
            0.06372071679141149,
            0.00948450706965834,
            0.07359079894168252,
            0.06009819839586623,
            0.013101897529094063,
            0.0010613638745538626,
            0.021702107285031136,
            0.0006620456625806993,
            0.053608847806085415,
            0.3309770678172256,
            0.11415885913853444,
            0.08995387776788596,
            0.0003544128035377267,
            0.03988572852187461,
            0.061989160242747476,
            0.03021849814479235,
            0.0023562066461604893,
            1.7566635252689997e-05,
            0.0011108146235512101,
            0.08176243962376929,
            0.3784692879591431,
            0.07429377275877183,
            0.08840449494396603,
            0.008705170016352355,
            0.017139272050588863,
            0.05087543023496322,
            0.039237259636831334,
            2.768446489704741e-06,
            0.0001760680868689802,
            0.0005512080065631307,
            0.09653650583923315,
            0.41797653982481386,
            0.06329783795840419,
            0.0728300268639427,
            0.018485711415076166,
            0.005998931397096674,
            0.03740554413730535,
            2.7111016851945076e-07,
            4.81885696868803e-06,
            0.0006877445409036243,
            4.36623714985915e-05,
            0.09188111900355801,
            0.45665921290741024,
            0.07490708435616729,
            0.05192654509014882,
            0.025303401447085632,
            0.0017951537852062464,
            1.3783718478949091e-09,
            2.960562605607354e-06,
            1.3654805834549744e-07,
            0.0014856655016120767,
            0.003167845154570466,
            0.06595501084441859,
            0.48678859774517164,
            0.11197245262144329,
            0.029536425084828292,
            0.03030443323668154
        ],
        "state_1_overlap_matrix": [
            1.0,
            1.6653359396120243e-16,
            3.740390924905242e-21,
            -1.3804195679988642e-17,
            -2.663127715232149e-17,
            1.038534797152468e-16,
            -1.9794227878799642e-17,
            -3.102102919365485e-17,
            1.6646320601287232e-16,
            -6.45393025255999e-17,
            1.6653359396120243e-16,
            1.0000000000000002,
            -1.1086696150736407e-16,
            -1.634739367125271e-16,
            1.300614046038882e-16,
            1.662944950795768e-16,
            -1.5238137549002705e-16,
            9.907306107723738e-17,
            1.2058983722607306e-16,
            -5.90129552748143e-17,
            3.740390924905242e-21,
            -1.1086696150736407e-16,
            1.0,
            8.184096244645395e-17,
            5.9791269790156e-17,
            5.359091695391536e-17,
            -1.1324632721285965e-16,
            -8.998001100889466e-17,
            1.8968789513388283e-16,
            -1.1630613439655337e-16,
            -1.3804195679988642e-17,
            -1.634739367125271e-16,
            8.184096244645395e-17,
            1.0,
            7.276565093693541e-17,
            -5.943184773384394e-17,
            -1.393868283310463e-17,
            6.162084431491163e-17,
            -4.597018105727576e-17,
            6.890927478623595e-17,
            -2.663127715232149e-17,
            1.300614046038882e-16,
            5.9791269790156e-17,
            7.276565093693541e-17,
            0.9999999999999999,
            -9.601457769684379e-17,
            1.0722200020981869e-16,
            -2.2759654265859676e-17,
            2.1504653369292142e-16,
            -2.3430813156947506e-16,
            1.038534797152468e-16,
            1.662944950795768e-16,
            5.359091695391536e-17,
            -5.943184773384394e-17,
            -9.601457769684379e-17,
            1.0000000000000002,
            -3.261390555176367e-17,
            3.3625116645253006e-16,
            -2.0743724050822263e-16,
            -1.7765544627747567e-16,
            -1.9794227878799642e-17,
            -1.5238137549002705e-16,
            -1.1324632721285965e-16,
            -1.393868283310463e-17,
            1.0722200020981869e-16,
            -3.261390555176367e-17,
            1.0,
            -6.789550083905474e-17,
            -3.7149827451213226e-16,
            1.2119876804906563e-16,
            -3.102102919365485e-17,
            9.907306107723738e-17,
            -8.998001100889466e-17,
            6.162084431491163e-17,
            -2.2759654265859676e-17,
            3.3625116645253006e-16,
            -6.789550083905474e-17,
            1.0000000000000004,
            -9.325155122912043e-17,
            4.513144008901418e-16,
            1.6646320601287232e-16,
            1.2058983722607306e-16,
            1.8968789513388283e-16,
            -4.597018105727576e-17,
            2.1504653369292142e-16,
            -2.0743724050822263e-16,
            -3.7149827451213226e-16,
            -9.325155122912043e-17,
            1.0000000000000002,
            7.643625316022806e-18,
            -6.45393025255999e-17,
            -5.90129552748143e-17,
            -1.1630613439655337e-16,
            6.890927478623595e-17,
            -2.3430813156947506e-16,
            -1.7765544627747567e-16,
            1.2119876804906563e-16,
            4.513144008901418e-16,
            7.643625316022806e-18,
            0.9999999999999999
        ],
        "state_2_overlap_matrix": [
            1.0,
            -2.3941287689069444e-16,
            1.019126942309975e-16,
            1.5058925646198022e-16,
            -2.6239978648846035e-16,
            7.413703585593676e-17,
            1.4708058922232347e-16,
            2.100163392001456e-18,
            3.682058508287099e-17,
            1.2185368664469327e-16,
            -2.3941287689069444e-16,
            1.0000000000000002,
            9.169104324755844e-18,
            -1.8899369909309875e-17,
            5.879074469714464e-17,
            -1.6225264699245768e-16,
            6.372637448057672e-17,
            5.4680476607797375e-18,
            8.18168711389834e-17,
            7.455226659707729e-18,
            1.019126942309975e-16,
            9.169104324755844e-18,
            0.9999999999999998,
            5.876778074162349e-17,
            -2.1588140501721966e-16,
            1.0097578198711408e-16,
            -7.293630640472839e-17,
            4.052846585377628e-16,
            -3.3317141007741446e-17,
            -6.750853648407958e-16,
            1.5058925646198022e-16,
            -1.8899369909309875e-17,
            5.876778074162349e-17,
            1.0000000000000002,
            1.5550017788512883e-17,
            -4.174345520727377e-16,
            3.715647136589325e-16,
            4.0357414167523174e-16,
            -6.821609486865662e-16,
            2.4602071953001153e-17,
            -2.6239978648846035e-16,
            5.879074469714464e-17,
            -2.1588140501721966e-16,
            1.5550017788512883e-17,
            0.9999999999999999,
            4.1295254340679055e-16,
            3.3653741313068464e-16,
            -4.3498275863413163e-16,
            -2.523717725685243e-16,
            6.082645238186801e-16,
            7.413703585593676e-17,
            -1.6225264699245768e-16,
            1.0097578198711408e-16,
            -4.174345520727377e-16,
            4.1295254340679055e-16,
            1.0,
            -4.491155033590696e-16,
            -3.6288246713089833e-16,
            6.518358986254413e-16,
            2.2632720350634905e-17,
            1.4708058922232347e-16,
            6.372637448057672e-17,
            -7.293630640472839e-17,
            3.715647136589325e-16,
            3.3653741313068464e-16,
            -4.491155033590696e-16,
            1.0000000000000002,
            6.112054222115471e-16,
            2.0816681711721685e-17,
            -2.581485372687986e-16,
            2.100163392001456e-18,
            5.4680476607797375e-18,
            4.052846585377628e-16,
            4.0357414167523174e-16,
            -4.3498275863413163e-16,
            -3.6288246713089833e-16,
            6.112054222115471e-16,
            1.0000000000000002,
            -1.4246416546459528e-16,
            -1.0581813203458523e-16,
            3.682058508287099e-17,
            8.18168711389834e-17,
            -3.3317141007741446e-17,
            -6.821609486865662e-16,
            -2.523717725685243e-16,
            6.518358986254413e-16,
            2.0816681711721685e-17,
            -1.4246416546459528e-16,
            1.0000000000000002,
            1.48318857196017e-16,
            1.2185368664469327e-16,
            7.455226659707729e-18,
            -6.750853648407958e-16,
            2.4602071953001153e-17,
            6.082645238186801e-16,
            2.2632720350634905e-17,
            -2.581485372687986e-16,
            -1.0581813203458523e-16,
            1.48318857196017e-16,
            1.0000000000000002
        ],
        "maximum_franck_condon_factor": [
            10,
            10
        ],
        "state_1_turning_points (Bohr)": [
            -0.2802452618875492,
            0.2802452618875492
        ],
        "huang_rhys_factors": [
            2.3771669719276836,
            2.3771669719276836
        ],
        "huang_rhys_factor_2": 2.3771669719276836,
        "state_1_turning_points (Angstroms)": [
            -0.1482994060544341,
            0.1482994060544341
        ],
        "Delta X": 0.6110589652898994
    }
}
